,Time(s),RNA1,Protein1,RNA2,Protein2,Vol
0,0.0,0.0,0.0,0.0,0.0,4.26631726563e+58
1,64.8648648649,0.0642839868496,0.0697053576965,0.323162568294,0.524674874989,4.2740112532e+58
2,129.72972973,0.127420092233,0.277156509221,0.644029373654,2.09370473635,4.28171911632e+58
3,194.594594595,0.189428779933,0.619897803875,0.962641343649,4.69972263062,4.28944088e+58
4,259.459459459,0.250330179394,1.09551358032,1.27903873717,8.33548157421,4.2971765693e+58
5,324.324324324,0.310144068441,1.70163049269,1.59326110986,12.9938615297,4.30492620935e+58
6,389.189189189,0.368889832383,2.43592239572,1.90534723233,18.6678840613,4.31268982531e+58
7,454.054054054,0.426586509428,3.29610483404,2.21533518102,25.3506958028,4.32046744239e+58
8,518.918918919,0.483252808481,4.27993274429,2.52326237372,33.0355615643,4.32825908584e+58
9,583.783783784,0.538907306699,5.38517676139,2.82916596475,41.7157932503,4.33606478094e+58
10,648.648648649,0.593567960817,6.60968072112,3.13308186758,51.3849223684,4.34388455303e+58
11,713.513513514,0.647252688035,7.9512940585,3.43504591661,62.0364972235,4.35171842748e+58
12,778.378378378,0.699978838185,9.40793704601,3.73509281151,73.664278633,4.35956642974e+58
13,843.243243243,0.7517635405,10.9775545525,4.03325681073,86.2621012035,4.36742858529e+58
14,908.108108108,0.802623564222,12.6581345128,4.32957145277,99.8239287398,4.37530491964e+58
15,972.972972973,0.852575512143,14.4476843313,4.6240699432,114.343783455,4.38319545838e+58
16,1037.83783784,0.901635567401,16.344262269,4.91678464832,129.815840131,4.39110022711e+58
17,1102.7027027,0.949819554801,18.3459698274,5.20774721771,146.234403274,4.39901925151e+58
18,1167.56756757,0.997143162552,20.4509236395,5.49698902781,163.593822782,4.40695255729e+58
19,1232.43243243,1.04362188295,22.6572629929,5.78454106319,181.888516517,4.41490017019e+58
20,1297.2972973,1.08927059269,24.963203006,6.07043307728,201.113129837,4.42286211602e+58
21,1362.16216216,1.13410400465,27.3669778918,6.35469449579,221.262365378,4.43083842065e+58
22,1427.02702703,1.17813704351,29.866799853,6.63735516811,242.330859749,4.43882910994e+58
23,1491.89189189,1.22138376974,32.4609812025,6.91844321515,264.31354989,4.44683420986e+58
24,1556.75675676,1.26385815387,35.1478464864,7.19798657802,287.205409438,4.45485374638e+58
25,1621.62162162,1.30557409512,37.9257255264,7.47601305511,311.001427858,4.46288774555e+58
26,1686.48648649,1.34654515557,40.7929897466,7.7525497706,335.696719423,4.47093623345e+58
27,1751.35135135,1.38678454604,43.7480541054,8.02762314614,361.286529008,4.4789992362e+58
28,1816.21621622,1.42630532821,46.7893508893,8.30125930507,387.766153472,4.48707677997e+58
29,1881.08108108,1.46512046336,49.9153255473,8.57348416995,415.130929162,4.49516889101e+58
30,1945.94594595,1.50324245987,53.1244761745,8.84432275757,443.376350365,4.50327559556e+58
31,2010.81081081,1.54068365698,56.4153217312,9.11379974639,472.49797396,4.51139691996e+58
32,2075.67567568,1.5774563317,59.7863896487,9.38193969043,502.491382241,4.51953289056e+58
33,2140.54054054,1.61357237103,63.2362533007,9.64876636368,533.35229533,4.52768353379e+58
34,2205.40540541,1.6490434589,66.763510632,9.91430313401,565.076507061,4.5358488761e+58
35,2270.27027027,1.68388120082,70.3667696266,10.1785732125,597.659841386,4.544028944e+58
36,2335.13513514,1.71809703851,74.0446582162,10.4415994824,631.0981821,4.55222376405e+58
37,2400.0,1.75170199641,77.7958537716,10.7034039928,665.387561315,4.56043336285e+58
38,2464.86486486,1.78470695355,81.6190514724,10.9640085017,700.524064571,4.56865776706e+58
39,2529.72972973,1.81712256068,85.5129739488,11.2234343106,736.503859758,4.57689700337e+58
40,2594.59459459,1.84895923722,89.4763716375,11.4817022582,773.323198186,4.58515109853e+58
41,2659.45945946,1.8802275034,93.5079802107,11.7388333852,810.978286871,4.59342007934e+58
42,2724.32432432,1.91093788247,97.6065330623,11.9948487379,849.465325995,4.60170397266e+58
43,2789.18918919,1.9410999594,101.770881818,12.2497674864,888.780870437,4.61000280538e+58
44,2854.05405405,1.97072343717,105.999861028,12.5036090365,928.921423843,4.61831660442e+58
45,2918.91891892,1.99981780605,110.292330482,12.7563923688,969.883565589,4.62664539678e+58
46,2983.78378378,2.02839234192,114.647175393,13.0081360352,1011.66395131,4.6349892095e+58
47,3048.64864865,2.05645648384,119.063266681,13.2588589136,1054.25919376,4.64334806966e+58
48,3113.51351351,2.08402010264,123.539432716,13.5085807458,1097.66577806,4.65172200442e+58
49,3178.37837838,2.11109153922,128.074665681,13.7573182136,1141.88068075,4.66011104095e+58
50,3243.24324324,2.13767954469,132.66791748,14.0050888191,1186.90075755,4.66851520649e+58
51,3308.10810811,2.16379270373,137.318160406,14.2519097318,1232.72292534,4.67693452832e+58
52,3372.97297297,2.18943943666,142.024386919,14.4977977922,1279.34416149,4.68536903376e+58
53,3437.83783784,2.21462806749,146.785596113,14.7427696485,1326.76146328,4.69381875021e+58
54,3502.7027027,2.2393670047,151.600757413,14.9868421175,1374.971739,4.7022837051e+58
55,3567.56756757,2.26366409632,156.468940989,15.2300308953,1423.97219915,4.7107639259e+58
56,3632.43243243,2.28752721557,161.389199723,15.4723517284,1473.76000238,4.71925944016e+58
57,3697.2972973,2.31096409638,166.360602612,15.7138200847,1524.33235568,4.72777027545e+58
58,3762.16216216,2.33398233651,171.382234342,15.9544511595,1575.68651311,4.73629645939e+58
59,3827.02702703,2.35658940825,176.453196309,16.1942598976,1627.81977885,4.74483801968e+58
60,3891.89189189,2.37879272273,181.572617853,16.4332611211,1680.72954092,4.75339498403e+58
61,3956.75675676,2.40059946434,186.739623736,16.6714691989,1734.41317362,4.76196738024e+58
62,4021.62162162,2.4220167364,191.953360854,16.9088983377,1788.86811762,4.77055523612e+58
63,4086.48648649,2.44305152473,197.212990286,17.1455625089,1844.09185618,4.77915857957e+58
64,4151.35135135,2.46371070099,202.517686921,17.381475456,1900.08191394,4.78777743852e+58
65,4216.21621622,2.4840010162,207.866640295,17.616650681,1956.83585953,4.79641184094e+58
66,4281.08108108,2.50392846094,213.259134589,17.8511001651,2014.35154548,4.80506181486e+58
67,4345.94594595,2.52349988548,218.694346181,18.0848376088,2072.62650092,4.81372738836e+58
68,4410.81081081,2.54272166081,224.171511029,18.317875754,2131.65843375,4.82240858958e+58
69,4475.67567568,2.56160005684,229.689877431,18.5502271407,2191.44508883,4.83110544671e+58
70,4540.54054054,2.58014124639,235.248705565,18.7819041144,2251.98424672,4.83981798797e+58
71,4605.40540541,2.59835130909,240.847267039,19.0129188344,2313.27372223,4.84854624166e+58
72,4670.27027027,2.61623623529,246.48484443,19.2432832814,2375.31136309,4.85729023611e+58
73,4735.13513514,2.63380192998,252.160730835,19.4730092654,2438.0950486,4.8660499997e+58
74,4800.0,2.65105421675,257.874229409,19.7021084335,2501.62268823,4.87482556089e+58
75,4864.86486486,2.66799884166,263.624652912,19.9305922779,2565.89222024,4.88361694815e+58
76,4929.72972973,2.68463970709,269.411511466,20.1584686034,2630.90217501,4.89242419002e+58
77,4994.59459459,2.70098287899,275.234086433,20.3857495418,2696.65039663,4.9012473151e+58
78,5059.45945946,2.71703406709,281.091698304,20.6124465126,2763.13484655,4.91008635203e+58
79,5124.32432432,2.73279853634,286.983716067,20.8385700457,2830.35363177,4.9189413295e+58
80,5189.18918919,2.7482814748,292.909518063,21.0641305172,2898.30488728,4.92781227628e+58
81,5254.05405405,2.76348799704,298.868491578,21.2891381562,2966.98677495,4.93669922115e+58
82,5318.91891892,2.77842314748,304.860032453,21.5136030517,3036.39748231,4.94560219297e+58
83,5383.78378378,2.79309190379,310.883544683,21.7375351589,3106.53522134,4.95452122064e+58
84,5448.64864865,2.80749918024,316.938440024,21.9609443064,3177.3982273,4.96345633313e+58
85,5513.51351351,2.8216498311,323.02413759,22.1838402027,3248.98475755,4.97240755943e+58
86,5578.37837838,2.83554709164,329.14023756,22.4062293184,3321.29361261,4.98137492861e+58
87,5643.24324324,2.84919522091,335.286226662,22.6281201715,3394.32325267,4.99035846976e+58
88,5708.10810811,2.86259962075,341.461464884,22.8495235658,3468.07175769,4.99935821207e+58
89,5772.97297297,2.87576468614,347.665425006,23.0704482912,3542.53754602,5.00837418475e+58
90,5837.83783784,2.88869474354,353.897588006,23.2909030006,3617.71906059,5.01740641707e+58
91,5902.7027027,2.90139405329,360.15744278,23.5108962147,3693.61476808,5.02645493835e+58
92,5967.56756757,2.91386681186,366.444485864,23.7304363264,3770.2231581,5.03551977798e+58
93,6032.43243243,2.92611715421,372.758221155,23.9495316057,3847.54274236,5.04460096537e+58
94,6097.2972973,2.93814915605,379.098159632,24.168190204,3925.57205377,5.05369853002e+58
95,6162.16216216,2.9499668362,385.463819077,24.3864201589,4004.30964569,5.06281250145e+58
96,6227.02702703,2.96157352884,391.854798824,24.6042281388,4083.75431612,5.07194290926e+58
97,6291.89189189,2.9729721213,398.270751444,24.8216199183,4163.90502278,5.08108978308e+58
98,6356.75675676,2.98416725404,404.711120744,25.0386047784,4244.76009708,5.09025315261e+58
99,6421.62162162,2.99516257303,411.175468975,25.2551900109,4326.31822577,5.0994330476e+58
100,6486.48648649,3.00596166165,417.66336585,25.4713827828,4408.578118,5.10862949786e+58
101,6551.35135135,3.01656804225,424.174388354,25.6871901385,4491.53850473,5.11784253323e+58
102,6616.21621622,3.02698517769,430.708120558,25.902619004,4575.19813815,5.12707218364e+58
103,6681.08108108,3.03721647294,437.264153427,26.1176761891,4659.55579118,5.13631847903e+58
104,6745.94594595,3.04726527657,443.842084633,26.332368391,4744.61025682,5.14558144943e+58
105,6810.81081081,3.05713488235,450.441518365,26.5467021971,4830.36034765,5.15486112492e+58
106,6875.67567568,3.0668284479,457.062075988,26.7606839228,4916.80492775,5.16415753561e+58
107,6940.54054054,3.07634855836,463.703453124,26.9743187383,5003.94308399,5.1734707117e+58
108,7005.40540541,3.08569873251,470.365222664,27.1876136812,5091.77353505,5.18280068341e+58
109,7070.27027027,3.09488200048,477.047020824,27.4005748118,5180.29518957,5.19214748104e+58
110,7135.13513514,3.10390133912,483.74849021,27.6132080837,5269.50697538,5.20151113492e+58
111,7200.0,3.11275967334,490.469279663,27.8255193467,5359.40783899,5.21089167546e+58
112,7264.86486486,3.12145987732,497.209044104,28.0375143492,5449.99674517,5.22028913311e+58
113,7329.72972973,3.13000477588,503.967444383,28.2491987409,5541.27267647,5.22970353838e+58
114,7394.59459459,3.13839714566,510.744147129,28.4605780751,5633.23463277,5.23913492184e+58
115,7459.45945946,3.14663971648,517.538824591,28.6716578113,5725.88163082,5.24858331409e+58
116,7524.32432432,3.15473517259,524.351154492,28.8824433181,5819.2127038,5.25804874582e+58
117,7589.18918919,3.16268591697,531.180850491,29.0929394015,5913.22699267,5.26753124776e+58
118,7654.05405405,3.1704946591,538.027586252,29.3031514804,6007.92351844,5.27703085069e+58
119,7718.91891892,3.17816395159,544.891055329,29.5130846599,6103.30136175,5.28654758545e+58
120,7783.78378378,3.18569628588,551.770958815,29.7227439231,6199.3596259,5.29608148294e+58
121,7848.64864865,3.1930941119,558.667002809,29.9321341697,6296.09742917,5.3056325741e+58
122,7913.51351351,3.20035983929,565.578898278,30.1412602191,6393.51390448,5.31520088996e+58
123,7978.37837838,3.20749583858,572.506360915,30.3501268123,6491.60819889,5.32478646156e+58
124,8043.24324324,3.21450444232,579.449110999,30.5587386144,6590.37947324,5.33438932003e+58
125,8108.10810811,3.22138794633,586.406873255,30.767100217,6689.82690172,5.34400949654e+58
126,8172.97297297,3.22814861084,593.379376718,30.9752161406,6789.94967143,5.35364702233e+58
127,8237.83783784,3.23478835899,600.366388524,31.1830902315,6890.74708376,5.36330192869e+58
128,8302.7027027,3.24130939718,607.367644352,31.3907269025,6992.21834577,5.37297424695e+58
129,8367.56756757,3.24771395992,614.382877029,31.5981306225,7094.36265592,5.38266400853e+58
130,8432.43243243,3.25400413672,621.411835921,31.8053055707,7197.17926233,5.39237124487e+58
131,8497.2972973,3.26018198341,628.454274454,32.0122558587,7300.66742526,5.4020959875e+58
132,8562.16216216,3.26624952308,635.509949996,32.2189855327,7404.82641683,5.41183826798e+58
133,8627.02702703,3.27220874715,642.578623731,32.4254985754,7509.65552057,5.42159811794e+58
134,8691.89189189,3.27806161631,649.660060544,32.6317989083,7615.15403116,5.43137556907e+58
135,8756.75675676,3.28381006159,656.754028899,32.8378903934,7721.32125397,5.44117065311e+58
136,8821.62162162,3.28945598531,663.860300715,33.0437768355,7828.15650478,5.45098340185e+58
137,8886.48648649,3.29500100077,670.978681351,33.249461461,7935.65919964,5.46081384717e+58
138,8951.35135135,3.30044675083,678.108972899,33.4549475557,8043.82874485,5.47066202096e+58
139,9016.21621622,3.30579525043,685.250934756,33.6602391495,8152.66441859,5.48052795521e+58
140,9081.08108108,3.31104824511,692.404357474,33.8653397335,8262.16559251,5.49041168194e+58
141,9145.94594595,3.31620745146,699.569035073,34.0702527408,8372.33164868,5.50031323325e+58
142,9210.81081081,3.32127455789,706.744764946,34.2749815482,8483.16197928,5.51023264126e+58
143,9275.67567568,3.3262512254,713.931347765,34.4795294778,8594.65598632,5.5201699382e+58
144,9340.54054054,3.33113908837,721.128587388,34.6838997984,8706.81308138,5.53012515631e+58
145,9405.40540541,3.33593975532,728.336290767,34.8880957269,8819.6326853,5.54009832793e+58
146,9470.27027027,3.34065480969,735.55426785,35.0921204302,8933.11422795,5.55008948542e+58
147,9535.13513514,3.34528571267,742.782343361,35.2959768308,9047.25718348,5.56009866122e+58
148,9600.0,3.34983369799,750.020369544,35.499667396,9162.06110863,5.57012588784e+58
149,9664.86486486,3.35430048399,757.268139881,35.7031955626,9277.52538385,5.58017119781e+58
150,9729.72972973,3.35868752389,764.525479942,35.906564237,9393.64948584,5.59023462376e+58
151,9794.59459459,3.3629962458,771.792218297,36.1097762754,9510.43290033,5.60031619836e+58
152,9859.45945946,3.36722805338,779.068186445,36.3128344851,9627.87512179,5.61041595432e+58
153,9924.32432432,3.37138432638,786.353218737,36.5157416257,9745.97565329,5.62053392445e+58
154,9989.18918919,3.3754664213,793.647152306,36.7185004102,9864.73400622,5.6306701416e+58
155,10054.0540541,3.37947567195,800.949826993,36.9211135061,9984.14970012,5.64082463865e+58
156,10118.9189189,3.38341339009,808.261085276,37.1235835369,10104.2222624,5.65099744859e+58
157,10183.7837838,3.38728086071,815.580772871,37.3259130728,10224.9512302,5.66118860444e+58
158,10248.6486486,3.39107913435,822.908765234,37.5281042146,10346.33623,5.67139813929e+58
159,10313.5135135,3.39480959124,830.244895589,37.730159723,10468.3767613,5.68162608629e+58
160,10378.3783784,3.39847344251,837.589018572,37.9320820202,10591.0723881,5.69187247862e+58
161,10443.2432432,3.40207187835,844.940991332,38.1338734864,10714.4226818,5.70213734957e+58
162,10508.1081081,3.40560606847,852.300673473,38.3355364613,10838.4272213,5.71242073245e+58
163,10572.972973,3.40907716267,859.667926989,38.5370732443,10963.0855925,5.72272266065e+58
164,10637.8378378,3.41248629134,867.042616204,38.7384860962,11088.3973884,5.73304316762e+58
165,10702.7027027,3.41583456598,874.424607706,38.9397772401,11214.3622088,5.74338228686e+58
166,10767.5675676,3.41912307971,881.813770292,39.1409488621,11340.97966,5.75374005193e+58
167,10832.4324324,3.4223529078,889.209974898,39.3420031129,11468.2493549,5.76411649647e+58
168,10897.2972973,3.42552485277,896.613125694,39.5429415974,11596.171006,5.77451165416e+58
169,10962.1621622,3.42864005254,904.02308591,39.7437665916,11724.7442029,5.78492555875e+58
170,11027.027027,3.43169956873,911.43972805,39.9444802185,11853.9685633,5.79535824405e+58
171,11091.8918919,3.43470439508,918.862932868,40.1450844658,11983.8437292,5.80580974393e+58
172,11156.7567568,3.43765550955,926.292583013,40.3455812894,12114.3693487,5.81628009232e+58
173,11221.6216216,3.44055387484,933.728562968,40.5459726145,12245.5450753,5.82676932321e+58
174,11286.4864865,3.44340043897,941.170758977,40.7462603374,12377.3705677,5.83727747065e+58
175,11351.3513514,3.44619613582,948.619058985,40.9464463257,12509.8454896,5.84780456876e+58
176,11416.2162162,3.44894188569,956.073352568,41.14653242,12642.9695099,5.85835065171e+58
177,11481.0810811,3.45163859585,963.533530869,41.346520435,12776.7423019,5.86891575375e+58
178,11545.9459459,3.45428716108,970.999486531,41.54641216,12911.1635436,5.87949990916e+58
179,11610.8108108,3.45688846424,978.471113631,41.7462093609,13046.2329172,5.89010315231e+58
180,11675.6756757,3.45944337681,985.948307613,41.9459137807,13181.9501091,5.90072551763e+58
181,11740.5405405,3.46195275945,993.430965222,42.1455271405,13318.3148095,5.91136703959e+58
182,11805.4054054,3.46441746252,1000.91898444,42.3450511413,13455.3267123,5.92202775274e+58
183,11870.2702703,3.46683832671,1008.41226442,42.5444874642,13592.9855149,5.9327076917e+58
184,11935.1351351,3.4692153193,1015.91080859,42.743836044,13731.2912278,5.94340689116e+58
185,12000.0,3.47154930812,1023.41451288,42.9430986162,13870.2435386,5.95412538585e+58
186,12064.8648649,3.47384151047,1030.9232315,43.1422776155,14009.84201,5.96486321055e+58
187,12129.7297297,3.47609268219,1038.43687374,43.3413745536,14150.08637,5.97562040013e+58
188,12194.5945946,3.478303569,1045.95535015,43.5403909218,14290.9763499,5.98639698951e+58
189,12259.4594595,3.48047490702,1053.47857239,43.7393281924,14432.511685,5.99719301367e+58
190,12324.3243243,3.48260742326,1061.00645324,43.9381878195,14574.6921136,6.00800850766e+58
191,12389.1891892,3.48470183605,1068.53890651,44.1369712397,14717.5173769,6.0188435066e+58
192,12454.0540541,3.48675885561,1076.075847,44.3356798734,14860.9872196,6.02969804566e+58
193,12518.9189189,3.48877918446,1083.61719041,44.5343151257,15005.1013886,6.04057216007e+58
194,12583.7837838,3.49076351796,1091.16285333,44.7328783873,15149.8596338,6.05146588514e+58
195,12648.6486486,3.49271254479,1098.71275312,44.9313710355,15295.2617071,6.06237925623e+58
196,12713.5135135,3.4946269474,1106.26680793,45.1297944353,15441.3073632,6.07331230878e+58
197,12778.3783784,3.49650740254,1113.82493656,45.3281499402,15587.9963583,6.08426507827e+58
198,12843.2432432,3.49835458173,1121.38705845,45.5264388932,15735.3284507,6.09523760026e+58
199,12908.1081081,3.50016915176,1128.95309362,45.7246626278,15883.3034007,6.10622991037e+58
200,12972.972973,3.5019507833,1136.52308126,45.9228204855,16031.9213256,6.11724204432e+58
201,13037.8378378,3.50369946981,1144.09702195,46.1209124531,16181.1822273,6.12827403787e+58
202,13102.7027027,3.5054168732,1151.67471665,46.3189418545,16331.0855086,6.13932592681e+58
203,13167.5675676,3.50710356558,1159.2560967,46.5169098339,16481.6309636,6.15039774702e+58
204,13232.4324324,3.50876011145,1166.84109437,46.7148175202,16632.818389,6.16148953443e+58
205,13297.2972973,3.51038706803,1174.4296428,46.912666028,16784.6475844,6.17260132506e+58
206,13362.1621622,3.51198498559,1182.02167596,47.1104564577,16937.1183515,6.18373315499e+58
207,13427.027027,3.5135544078,1189.61712861,47.3081898967,17090.2304947,6.19488506034e+58
208,13491.8918919,3.51509587208,1197.21593625,47.5058674198,17243.9838205,6.20605707733e+58
209,13556.7567568,3.51660990993,1204.81803512,47.7034900901,17398.3781375,6.21724924223e+58
210,13621.6216216,3.51809704725,1212.42336211,47.9010589594,17553.4132565,6.22846159136e+58
211,13686.4864865,3.51955780471,1220.03185473,48.0985750689,17709.08899,6.23969416112e+58
212,13751.3513514,3.52099269809,1227.64345109,48.2960394502,17865.4051524,6.25094698799e+58
213,13816.2162162,3.52240223857,1235.25808985,48.4934531258,18022.3615595,6.26222010849e+58
214,13881.0810811,3.52378693315,1242.87571017,48.6908171095,18179.958029,6.27351355922e+58
215,13945.9459459,3.52514728491,1250.49625169,48.8881324077,18338.1943796,6.28482737684e+58
216,14010.8108108,3.52648330819,1258.11971266,49.0853990488,18497.0706062,6.2961615981e+58
217,14075.6756757,3.52779433549,1265.74617321,49.282615698,18656.5869491,6.30751625983e+58
218,14140.5405405,3.52908197618,1273.37544018,49.479785574,18816.742829,6.31889139885e+58
219,14205.4054054,3.53034665461,1281.00746267,49.6769095254,18977.5380929,6.3302870521e+58
220,14270.2702703,3.5315887885,1288.64219055,49.8739883878,19138.9725906,6.34170325656e+58
221,14335.1351351,3.53280878911,1296.27957444,50.0710229836,19301.046174,6.3531400493e+58
222,14400.0,3.53400706151,1303.91956575,50.268014123,19463.7586973,6.36459746745e+58
223,14464.8648649,3.53518400472,1311.56211659,50.464962604,19627.1100167,6.3760755482e+58
224,14529.7297297,3.53634001199,1319.20717975,50.6618692132,19791.0999907,6.38757432883e+58
225,14594.5945946,3.53747547095,1326.85470871,50.8587347257,19955.7284797,6.39909384664e+58
226,14659.4594595,3.53859076386,1334.5046576,51.0555599061,20120.9953461,6.41063413906e+58
227,14724.3243243,3.53968626781,1342.15698115,51.2523455086,20286.9004541,6.42219524353e+58
228,14789.1891892,3.54076235493,1349.81163471,51.4490922774,20453.4436696,6.43377719759e+58
229,14854.0540541,3.54181939259,1357.46857416,51.6458009474,20620.6248605,6.44538003884e+58
230,14918.9189189,3.54285774364,1365.12775597,51.842472244,20788.4438961,6.45700380495e+58
231,14983.7837838,3.54387776658,1372.7891371,52.0391068845,20956.9006472,6.46864853365e+58
232,15048.6486486,3.5448797446,1380.45268358,52.2357054351,21125.995012,6.48031426276e+58
233,15113.5135135,3.54586321178,1388.11845165,52.4322669641,21295.7271592,6.49200103018e+58
234,15178.3783784,3.54682915793,1395.78632224,52.628793451,21466.0967315,6.50370887382e+58
235,15243.2432432,3.54777789549,1403.45625787,52.8252855207,21637.1036166,6.5154378317e+58
236,15308.1081081,3.54870973157,1411.12822167,53.0217437875,21808.7477037,6.52718794188e+58
237,15372.972973,3.54962496804,1418.80217742,53.218168855,21981.0288843,6.53895924251e+58
238,15437.8378378,3.55052390174,1426.47808949,53.414561317,22153.9470515,6.55075177181e+58
239,15502.7027027,3.55140682461,1434.15592285,53.6109217573,22327.5021002,6.56256556807e+58
240,15567.5675676,3.55227402382,1441.83564304,53.8072507503,22501.6939269,6.57440066963e+58
241,15632.4324324,3.55312578194,1449.51721613,54.0035488612,22676.52243,6.58625711492e+58
242,15697.2972973,3.55396237709,1457.20060876,54.1998166461,22851.9875093,6.59813494243e+58
243,15762.1621622,3.5547840831,1464.88578805,54.3960546527,23028.0890661,6.61003419072e+58
244,15827.027027,3.55559116963,1472.57272166,54.5922634203,23204.8270035,6.62195489842e+58
245,15891.8918919,3.55638390233,1480.26137768,54.7884434803,23382.2012258,6.63389710423e+58
246,15956.7567568,3.55716254303,1487.95172471,54.9845953563,23560.2116387,6.64586084691e+58
247,16021.6216216,3.55792734984,1495.64373175,55.1807195645,23738.8581492,6.65784616532e+58
248,16086.4864865,3.55867857731,1503.33736827,55.3768166141,23918.1406658,6.66985309835e+58
249,16151.3513514,3.55941617458,1511.03264049,55.5728864032,24098.0592071,6.68188168503e+58
250,16216.2162162,3.56014057746,1518.72949604,55.7689298036,24278.6136159,6.69393196438e+58
251,16281.0810811,3.56085204788,1526.42790346,55.964947339,24459.803798,6.70600397552e+58
252,16345.9459459,3.56155081598,1534.12783513,56.1609394698,24641.6296705,6.71809775763e+58
253,16410.8108108,3.56223710834,1541.82926388,56.3569066491,24824.0911518,6.73021334999e+58
254,16475.6756757,3.56291114813,1549.53216292,56.5528493233,25007.1881615,6.74235079193e+58
255,16540.5405405,3.56357315517,1557.23650587,56.748767932,25190.9206206,6.75451012284e+58
256,16605.4054054,3.56422334614,1564.94226674,56.9446629085,25375.2884511,6.76669138221e+58
257,16670.2702703,3.56486193464,1572.64941989,57.1405346801,25560.291576,6.77889460957e+58
258,16735.1351351,3.56548913137,1580.35794005,57.3363836682,25745.9299195,6.79111984455e+58
259,16800.0,3.56610514422,1588.06780226,57.5322102884,25932.2034068,6.80336712683e+58
260,16864.8648649,3.56671017841,1595.77898191,57.7280149514,26119.111964,6.81563649618e+58
261,16929.7297297,3.56730443666,1603.49145467,57.9237980625,26306.6555181,6.82792799242e+58
262,16994.5945946,3.56788811924,1611.20519651,58.1195600223,26494.8339971,6.84024165546e+58
263,17059.4594595,3.56846142416,1618.92018368,58.3153012267,26683.6473297,6.85257752528e+58
264,17124.3243243,3.56902454729,1626.63639268,58.5110220676,26873.0954454,6.86493564191e+58
265,17189.1891892,3.56957741531,1634.35383221,58.7067223982,27063.1783703,6.87731604552e+58
266,17254.0540541,3.57012030258,1642.07246939,58.9024027673,27253.8960057,6.88971877629e+58
267,17318.9189189,3.57065347667,1649.79227214,59.0980637101,27445.2482554,6.90214387446e+58
268,17383.7837838,3.57117711304,1657.51321941,59.2937055774,27637.2350563,6.91459138038e+58
269,17448.6486486,3.57169138479,1665.23529043,59.4893287155,27829.8563461,6.92706133446e+58
270,17513.5135135,3.57219646275,1672.9584647,59.684933466,28023.1120632,6.93955377718e+58
271,17578.3783784,3.57269251559,1680.68272199,59.8805201663,28217.002147,6.95206874909e+58
272,17643.2432432,3.57317970992,1688.4080423,60.0760891496,28411.5265374,6.96460629083e+58
273,17708.1081081,3.57365821041,1696.13440587,60.2716407452,28606.6851752,6.9771664431e+58
274,17772.972973,3.57412817987,1703.86179317,60.4671752787,28802.4780019,6.98974924667e+58
275,17837.8378378,3.57458977937,1711.59018488,60.6626930723,28998.9049593,7.00235474239e+58
276,17902.7027027,3.57504316833,1719.31956187,60.8581944448,29195.9659902,7.01498297119e+58
277,17967.5675676,3.57548850466,1727.04990519,61.053679712,29393.6610377,7.02763397406e+58
278,18032.4324324,3.57592594481,1734.78119607,61.2491491869,29591.9900455,7.04030779207e+58
279,18097.2972973,3.57635564392,1742.5134159,61.4446031797,29790.9529577,7.05300446636e+58
280,18162.1621622,3.5767777559,1750.24654621,61.6400419983,29990.549719,7.06572403816e+58
281,18227.027027,3.57719216965,1757.98060028,61.8354654204,30190.7803691,7.07846654879e+58
282,18291.8918919,3.57759898076,1765.71556662,62.0308736372,30391.6448737,7.09123203961e+58
283,18356.7567568,3.57799851874,1773.45140574,62.2262673078,30593.1431142,7.10402055206e+58
284,18421.6216216,3.57839091624,1781.18810173,62.4216466974,30795.275043,7.11683212764e+58
285,18486.4864865,3.57877630406,1788.92563888,62.6170120676,30998.0406128,7.12966680795e+58
286,18551.3513514,3.57915481121,1796.66400172,62.8123636765,31201.4397773,7.14252463465e+58
287,18616.2162162,3.57952656499,1804.40317498,63.0077017786,31405.4724906,7.1554056495e+58
288,18681.0810811,3.57989169105,1812.14314357,63.2030266253,31610.1387075,7.1683098943e+58
289,18745.9459459,3.58025031347,1819.8838926,63.3983384648,31815.4383834,7.18123741095e+58
290,18810.8108108,3.58060255484,1827.62540737,63.5936375421,32021.3714741,7.19418824142e+58
291,18875.6756757,3.5809485363,1835.36767333,63.7889240996,32227.937936,7.20716242775e+58
292,18940.5405405,3.58128837764,1843.11067612,63.9841983769,32435.1377259,7.22016001206e+58
293,19005.4054054,3.58162219736,1850.85440151,64.1794606109,32642.9708013,7.23318103655e+58
294,19070.2702703,3.58195011274,1858.59883543,64.3747110363,32851.4371199,7.24622554348e+58
295,19135.1351351,3.58227223992,1866.34396393,64.5699498853,33060.5366398,7.25929357521e+58
296,19200.0,3.58258869396,1874.08977323,64.7651773879,33270.2693197,7.27238517416e+58
297,19264.8648649,3.58289945701,1881.83626545,64.9603935086,33480.635166,7.28550038285e+58
298,19329.7297297,3.58320447706,1889.58344684,65.1555981433,33691.6341974,7.29863924388e+58
299,19394.5945946,3.58350405743,1897.33128101,65.3507918986,33903.2663047,7.31180179987e+58
300,19459.4594595,3.58379829641,1905.07975614,65.5459749712,34115.5314525,7.32498809356e+58
301,19524.3243243,3.58408729071,1912.82886065,65.7411475544,34328.4296061,7.33819816776e+58
302,19589.1891892,3.58437113547,1920.57858311,65.9363098385,34541.9607311,7.35143206535e+58
303,19654.0540541,3.58464992434,1928.32891227,66.1314620109,34756.1247938,7.36468982929e+58
304,19718.9189189,3.58492374949,1936.07983709,66.3266042558,34970.9217611,7.37797150263e+58
305,19783.7837838,3.58519270169,1943.83134666,66.5217367547,35186.3516002,7.39127712848e+58
306,19848.6486486,3.58545687032,1951.58343026,66.7168596866,35402.4142791,7.40460675004e+58
307,19913.5135135,3.58571634346,1959.33607732,66.9119732275,35619.1097659,7.41796041059e+58
308,19978.3783784,3.58597120789,1967.08927742,67.1070775509,35836.4380295,7.43133815347e+58
309,20043.2432432,3.58622154916,1974.84302029,67.3021728281,36054.399039,7.44474002211e+58
310,20108.1081081,3.58646745164,1982.59729582,67.4972592276,36272.992764,7.45816606002e+58
311,20172.972973,3.58670899855,1990.352094,67.692336916,36492.2191746,7.4716163108e+58
312,20237.8378378,3.58694627203,1998.10740498,67.8874060576,36712.0782413,7.48509081809e+58
313,20302.7027027,3.58717932525,2005.8632224,68.0824667586,36932.5699448,7.49858962567e+58
314,20367.5675676,3.58740811709,2013.61955122,68.2775189369,37153.6943001,7.51211277738e+58
315,20432.4324324,3.58763283113,2021.37636939,68.4725629596,37375.4512411,7.5256603171e+58
316,20497.2972973,3.58785353994,2029.13366818,68.6675989718,37597.8407416,7.5392322888e+58
317,20562.1621622,3.5880703149,2036.89143903,68.8626271163,37820.8627758,7.55282873656e+58
318,20627.027027,3.58828322614,2044.64967353,69.0576475334,38044.5173186,7.5664497045e+58
319,20691.8918919,3.58849234264,2052.40836339,69.252660361,38268.8043451,7.58009523685e+58
320,20756.7567568,3.58869773223,2060.16750048,69.4476657347,38493.7238309,7.5937653779e+58
321,20821.6216216,3.58889946164,2067.92707679,69.6426637882,38719.2757519,7.60746017204e+58
322,20886.4864865,3.58909759652,2075.68708443,69.8376546525,38945.4600846,7.62117966373e+58
323,20951.3513514,3.5892922015,2083.44751567,70.0326384571,39172.2768056,7.6349238975e+58
324,21016.2162162,3.58948334019,2091.20836285,70.227615329,39399.7258921,7.64869291798e+58
325,21081.0810811,3.58967107527,2098.96961846,70.4225853938,39627.8073214,7.66248676986e+58
326,21145.9459459,3.58985546844,2106.73127509,70.6175487747,39856.5210714,7.67630549793e+58
327,21210.8108108,3.59003658054,2114.49332544,70.8125055935,40085.8671202,7.69014914704e+58
328,21275.6756757,3.59021447155,2122.25576232,71.0074559701,40315.8454462,7.70401776215e+58
329,21340.5405405,3.59038920034,2130.01857865,71.2024000223,40546.4560281,7.71791138826e+58
330,21405.4054054,3.59056067851,2137.78178508,71.3973375733,40777.698898,7.73183007061e+58
331,21470.2702703,3.59072907899,2145.54536084,71.5922689688,41009.5739934,7.74577385429e+58
332,21535.1351351,3.59089445585,2153.30929943,71.7871943171,41242.0812949,7.75974278457e+58
333,21600.0,3.59105686241,2161.07359445,71.9821137248,41475.2207833,7.77373690679e+58
334,21664.8648649,3.59121635127,2168.83823959,72.1770272971,41708.9924397,7.78775626639e+58
335,21729.7297297,3.59137297433,2176.60322863,72.3719351379,41943.3962454,7.80180090888e+58
336,21794.5945946,3.59152678286,2184.36855541,72.5668373495,42178.4321819,7.81587087985e+58
337,21859.4594595,3.59167782751,2192.13421385,72.7617340334,42414.100231,7.82996622499e+58
338,21924.3243243,3.59182615836,2199.90019795,72.9566252897,42650.4003747,7.84408699005e+58
339,21989.1891892,3.59197182494,2207.66650175,73.1515112175,42887.3325951,7.85823322087e+58
340,22054.0540541,3.5921148763,2215.43311938,73.3463919148,43124.8968746,7.87240496338e+58
341,22118.9189189,3.59225536102,2223.20004501,73.5412674788,43363.0931957,7.88660226359e+58
342,22183.7837838,3.59239332725,2230.96727285,73.7361380059,43601.921541,7.90082516758e+58
343,22248.6486486,3.59252882276,2238.73479718,73.9310035915,43841.3818934,7.91507372154e+58
344,22313.5135135,3.59266189497,2246.5026123,74.1258643305,44081.4742357,7.9293479717e+58
345,22378.3783784,3.59279259099,2254.27071256,74.3207203171,44322.1985511,7.94364796442e+58
346,22443.2432432,3.59292095764,2262.03909235,74.515571645,44563.5548227,7.9579737461e+58
347,22508.1081081,3.59304704152,2269.80774607,74.7104184074,44805.5430337,7.97232536327e+58
348,22572.972973,3.59317088902,2277.57666815,74.905260697,45048.1631674,7.98670286251e+58
349,22637.8378378,3.59329254635,2285.34585305,75.1000986062,45291.4152071,8.00110629048e+58
350,22702.7027027,3.59341205963,2293.11529524,75.2949322274,45535.2991363,8.01553569395e+58
351,22767.5675676,3.59352947486,2300.8849892,75.4897616524,45779.8149384,8.02999111976e+58
352,22832.4324324,3.59364483801,2308.6549294,75.6845869733,46024.9625968,8.04447261482e+58
353,22897.2972973,3.593758195,2316.42511034,75.8794082819,46270.7420951,8.05898022615e+58
354,22962.1621622,3.59386959182,2324.19552651,76.0742256701,46517.1534166,8.07351400084e+58
355,23027.027027,3.59397861788,2331.96622716,76.2690383168,46764.1967092,8.0880739864e+58
356,23091.8918919,3.594085451,2339.73719095,76.4638465777,47011.8719089,8.10266022998e+58
357,23156.7567568,3.59419033608,2347.50838851,76.6586509424,47260.1789274,8.1172727788e+58
358,23221.6216216,3.59429330937,2355.27981548,76.8534514836,47509.1177518,8.1319116803e+58
359,23286.4864865,3.59439440691,2363.05146754,77.0482482733,47758.688369,8.14657698199e+58
360,23351.3513514,3.59449366456,2370.82334038,77.2430413832,48008.8907662,8.16126873148e+58
361,23416.2162162,3.59459111807,2378.59542972,77.4378308848,48259.7249305,8.17598697648e+58
362,23481.0810811,3.59468680307,2386.36773129,77.6326168494,48511.1908491,8.19073176476e+58
363,23545.9459459,3.59478075511,2394.1402408,77.8273993481,48763.2885091,8.20550314419e+58
364,23610.8108108,3.59487300971,2401.91295401,78.0221784519,49016.0178978,8.22030116271e+58
365,23675.6756757,3.59496360238,2409.68586666,78.2169542318,49269.3790025,8.23512586837e+58
366,23740.5405405,3.59505256865,2417.45897446,78.4117267589,49523.3718102,8.2499773093e+58
367,23805.4054054,3.59513994409,2425.23227317,78.6064961044,49777.9963082,8.2648555337e+58
368,23870.2702703,3.59522576438,2433.0057585,78.8012623396,50033.2524837,8.27976058987e+58
369,23935.1351351,3.59531006531,2440.77942615,78.996025536,50289.1403238,8.29469252619e+58
370,24000.0,3.59539288279,2448.55327182,79.1907857656,50545.6598155,8.30965139114e+58
371,24064.8648649,3.59547425295,2456.32729116,79.3855431005,50802.8109458,8.32463723327e+58
372,24129.7297297,3.59555421211,2464.10147983,79.5802976134,51060.5937017,8.33965010123e+58
373,24194.5945946,3.59563279684,2471.87583343,79.7750493775,51319.0080701,8.35469004375e+58
374,24259.4594595,3.59571004398,2479.65034754,79.9697984664,51578.0540375,8.36975710966e+58
375,24324.3243243,3.59578599069,2487.42501771,80.1645449544,51837.7315907,8.38485134784e+58
376,24389.1891892,3.59586067445,2495.19983943,80.3592889165,52098.0407162,8.39997280731e+58
377,24454.0540541,3.59593413312,2502.97480816,80.5540304284,52358.9814004,8.41512153715e+58
378,24518.9189189,3.59600640497,2510.74991932,80.7487695667,52620.5536294,8.43029758651e+58
379,24583.7837838,3.59607752869,2518.52516825,80.9435064088,52882.7573894,8.44550100467e+58
380,24648.6486486,3.59614716751,2526.30059537,81.138240281,53145.5928015,8.46073184124e+58
381,24713.5135135,3.59621486178,2534.07625583,81.3329702641,53409.0600312,8.47599014601e+58
382,24778.3783784,3.59628132554,2541.85206395,81.5276977862,53673.1588215,8.49127596802e+58
383,24843.2432432,3.59634658325,2549.62801679,81.7224228962,53937.8891636,8.50658935689e+58
384,24908.1081081,3.59641065928,2557.40411144,81.9171456429,54203.2510487,8.52193036235e+58
385,24972.972973,3.5964735779,2565.18034498,82.1118660747,54469.2444681,8.53729903418e+58
386,25037.8378378,3.59653536332,2572.9567145,82.3065842402,54735.869413,8.55269542228e+58
387,25102.7027027,3.59659603969,2580.73321711,82.5013001875,55003.1258749,8.56811957664e+58
388,25167.5675676,3.5966556311,2588.50984991,82.6960139649,55271.0138449,8.58357154732e+58
389,25232.4324324,3.59671416167,2596.28661002,82.8907256206,55539.5333144,8.59905138448e+58
390,25297.2972973,3.59677165548,2604.06349454,83.0854352029,55808.6842747,8.61455913838e+58
391,25362.1621622,3.59682813666,2611.84050057,83.2801427598,56078.4667172,8.63009485936e+58
392,25427.027027,3.59688362938,2619.61762523,83.4748483398,56348.8806332,8.64565859785e+58
393,25491.8918919,3.59693815784,2627.39486559,83.6695519914,56619.9260139,8.66125040438e+58
394,25556.7567568,3.59699174635,2635.17221875,83.864253763,56891.6028505,8.67687032954e+58
395,25621.6216216,3.5970444193,2642.94968177,84.0589537035,57163.9111344,8.69251842406e+58
396,25686.4864865,3.59709620121,2650.72725172,84.2536518619,57436.8508567,8.70819473872e+58
397,25751.3513514,3.59714711673,2658.50492564,84.4483482875,57710.4220085,8.72389932442e+58
398,25816.2162162,3.59719719064,2666.28270055,84.6430430299,57984.6245809,8.73963223212e+58
399,25881.0810811,3.59724644792,2674.06057346,84.8377361391,58259.4585648,8.75539351291e+58
400,25945.9459459,3.59729491375,2681.83854135,85.0324276653,58534.9239513,8.77118321793e+58
401,26010.8108108,3.59734261348,2689.61660116,85.2271176594,58811.0207312,8.78700139844e+58
402,26075.6756757,3.59738957273,2697.39474983,85.4218061725,59087.7488952,8.80284810579e+58
403,26140.5405405,3.59743581735,2705.17298426,85.6164932563,59365.1084342,8.8187233914e+58
404,26205.4054054,3.59748137345,2712.95130132,85.8111789631,59643.0993386,8.83462730682e+58
405,26270.2702703,3.59752626718,2720.72969785,86.0058633452,59921.721599,8.85055990367e+58
406,26335.1351351,3.59756958869,2728.50828306,86.2005445828,60200.9755431,8.86652123451e+58
407,26400.0,3.59761214763,2736.28695978,86.3952242953,60480.8608793,8.88251135045e+58
408,26464.8648649,3.59765395879,2744.06572623,86.5899025122,60761.3776024,8.89853030338e+58
409,26529.7297297,3.59769503675,2751.84458067,86.7845792627,61042.525707,8.9145781453e+58
410,26594.5945946,3.59773539593,2759.62352136,86.9792545757,61324.3051879,8.93065492832e+58
411,26659.4594595,3.59777505056,2767.4025466,87.1739284795,61606.7160401,8.94676070463e+58
412,26724.3243243,3.59781401472,2775.1816547,87.3686010024,61889.7582585,8.96289552652e+58
413,26789.1891892,3.59785230231,2782.96084398,87.5632721722,62173.431838,8.97905944635e+58
414,26854.0540541,3.59788992711,2790.7401128,87.7579420164,62457.7367738,8.99525251661e+58
415,26918.9189189,3.59792690272,2798.51945952,87.9526105622,62742.6730608,9.01147478987e+58
416,26983.7837838,3.59796324264,2806.29888253,88.1472778366,63028.2406943,9.02772631878e+58
417,27048.6486486,3.59799896023,2814.07838022,88.3419438664,63314.4396695,9.0440071561e+58
418,27113.5135135,3.59803406875,2821.85795099,88.5366086781,63601.2699815,9.06031735469e+58
419,27178.3783784,3.59806858133,2829.63759328,88.7312722978,63888.7316257,9.07665696748e+58
420,27243.2432432,3.59810251102,2837.41730551,88.9259347518,64176.8245973,9.09302604754e+58
421,27308.1081081,3.59813587077,2845.19708614,89.1205960659,64465.5488917,9.10942464798e+58
422,27372.972973,3.59816867344,2852.97693361,89.3152562658,64754.9045043,9.12585282205e+58
423,27437.8378378,3.59820093184,2860.7568464,89.5099153772,65044.8914304,9.14231062307e+58
424,27502.7027027,3.59823265869,2868.53682297,89.7045734255,65335.5096654,9.15879810447e+58
425,27567.5675676,3.59826386666,2876.31686181,89.899230436,65626.7592049,9.17531531977e+58
426,27632.4324324,3.59829456838,2884.09696139,90.0938864341,65918.6400442,9.19186232258e+58
427,27697.2972973,3.59832477644,2891.87712022,90.2885414448,66211.1521788,9.20843916661e+58
428,27762.1621622,3.59835450337,2899.65733677,90.4831954932,66504.2956042,9.22504590569e+58
429,27827.027027,3.59838376172,2907.43760956,90.6778486045,66798.0703159,9.2416825937e+58
430,27891.8918919,3.59841256398,2915.21793707,90.8725008037,67092.4763094,9.25834928466e+58
431,27956.7567568,3.59844071219,2922.99834308,91.0671516947,67387.513656,9.27504603312e+58
432,28021.6216216,3.59846828027,2930.77881871,91.2618014254,67683.182329,9.29177289315e+58
433,28086.4864865,3.59849537353,2938.55935131,91.4564502065,67979.4822906,9.30852991883e+58
434,28151.3513514,3.59852200001,2946.33993993,91.6510980541,68276.4135379,9.32531716456e+58
435,28216.2162162,3.59854816759,2954.12058362,91.8457449838,68573.9760679,9.34213468485e+58
436,28281.0810811,3.598573884,2961.90128145,92.0403910113,68872.169878,9.3589825343e+58
437,28345.9459459,3.59859915679,2969.68203251,92.2350361514,69170.9949653,9.37586076759e+58
438,28410.8108108,3.59862399338,2977.46283592,92.4296804192,69470.4513273,9.39276943952e+58
439,28475.6756757,3.59864840101,2985.2436908,92.6243238291,69770.5389614,9.40970860499e+58
440,28540.5405405,3.59867238682,2993.02459629,92.8189663953,70071.2578649,9.42667831898e+58
441,28605.4054054,3.59869595776,3000.80555158,93.0136081318,70372.6080353,9.44367863658e+58
442,28670.2702703,3.5987191207,3008.58655582,93.2082490522,70674.5894702,9.46070961298e+58
443,28735.1351351,3.59874188234,3016.36760822,93.4028891701,70977.2021672,9.47777130348e+58
444,28800.0,3.59876424928,3024.14870798,93.5975284986,71280.4461239,9.49486376346e+58
445,28864.8648649,3.59878622797,3031.92985433,93.7921670506,71584.321338,9.5119870484e+58
446,28929.7297297,3.59880782478,3039.7110465,93.9868048388,71888.8278072,9.52914121389e+58
447,28994.5945946,3.59882904596,3047.49228375,94.1814418757,72193.9655291,9.54632631563e+58
448,29059.4594595,3.59884989764,3055.27356534,94.3760781737,72499.7345017,9.56354240939e+58
449,29124.3243243,3.59887038586,3063.05489055,94.5707137447,72806.1347228,9.58078955107e+58
450,29189.1891892,3.59889051656,3070.83625865,94.7653486007,73113.1661901,9.59806779664e+58
451,29254.0540541,3.59891029559,3078.61766896,94.9599827534,73420.8289017,9.61537720221e+58
452,29318.9189189,3.59892972873,3086.39912077,95.1546162142,73729.1228554,9.63271782396e+58
453,29383.7837838,3.59894882164,3094.18061341,95.3492489946,74038.0480491,9.65008971818e+58
454,29448.6486486,3.59896757994,3101.9621462,95.5438811058,74347.604481,9.66749294126e+58
455,29513.5135135,3.59898600916,3109.74371848,95.7385125589,74657.7921489,9.68492754969e+58
456,29578.3783784,3.59900411014,3117.52533014,95.9331433554,74968.6110525,9.70239360026e+58
457,29643.2432432,3.59902188208,3125.3069813,96.1277734939,75280.0611923,9.71989114993e+58
458,29708.1081081,3.59903933866,3133.0886703,96.3224030017,75592.1425631,9.73742025515e+58
459,29772.972973,3.59905648499,3140.87039652,96.5170318889,75904.8551633,9.75498097282e+58
460,29837.8378378,3.59907332611,3148.65215937,96.7116601657,76218.1989909,9.77257335994e+58
461,29902.7027027,3.59908986698,3156.43395826,96.9062878421,76532.1740442,9.79019747365e+58
462,29967.5675676,3.59910611254,3164.21579257,97.1009149278,76846.7803215,9.80785337114e+58
463,30032.4324324,3.59912206769,3171.99766174,97.2955414327,77162.0178209,9.82554110973e+58
464,30097.2972973,3.59913773727,3179.77956517,97.4901673665,77477.8865407,9.84326074686e+58
465,30162.1621622,3.59915312611,3187.5615023,97.6847927387,77794.3864791,9.86101234004e+58
466,30227.027027,3.59916823898,3195.34347254,97.879417559,78111.5176346,9.87879594689e+58
467,30291.8918919,3.59918308065,3203.12547532,98.074041837,78429.2800052,9.89661162517e+58
468,30356.7567568,3.59919765585,3210.90751008,98.268665582,78747.6735894,9.91445943269e+58
469,30421.6216216,3.59921196932,3218.68957624,98.4632888035,79066.6983854,9.93233942739e+58
470,30486.4864865,3.59922602577,3226.47167325,98.657911511,79386.3543916,9.95025166733e+58
471,30551.3513514,3.5992398299,3234.25380054,98.8525337139,79706.6416062,9.96819621065e+58
472,30616.2162162,3.59925338641,3242.03595754,99.0471554215,80027.5600275,9.98617311561e+58
473,30681.0810811,3.59926670001,3249.81814369,99.2417766433,80349.1096539,1.00041824405e+59
474,30745.9459459,3.59927977542,3257.60035842,99.4363973887,80671.2904836,1.00222242439e+59
475,30810.8108108,3.59929261736,3265.38260117,99.6310176672,80994.102515,1.00402985844e+59
476,30875.6756757,3.59930523056,3273.16487137,99.8256374882,81317.5457463,1.00584055205e+59
477,30940.5405405,3.59931761979,3280.94716844,100.020256861,81641.6201759,1.0076545111e+59
478,31005.4054054,3.59932978983,3288.72949182,100.214875796,81966.325802,1.0094717415e+59
479,31070.2702703,3.5993417455,3296.51184092,100.409494302,82291.6626229,1.01129224912e+59
480,31135.1351351,3.59935349164,3304.29421517,100.604112389,82617.6306368,1.01311603989e+59
481,31200.0,3.59936503316,3312.07661397,100.798730066,82944.2298419,1.01494311973e+59
482,31264.8648649,3.59937604279,3319.85907658,100.99334668,83271.4603561,1.0167734948e+59
483,31329.7297297,3.59938681282,3327.64156795,101.187962815,83599.3220742,1.01860717085e+59
484,31394.5945946,3.5993973464,3335.42408768,101.382578477,83927.814995,1.02044415381e+59
485,31459.4594595,3.59940764629,3343.20663546,101.577193671,84256.9391175,1.02228444967e+59
486,31524.3243243,3.59941771527,3350.98921094,101.771808404,84586.6944407,1.02412806438e+59
487,31589.1891892,3.5994275562,3358.77181379,101.96642268,84917.0809637,1.02597500394e+59
488,31654.0540541,3.59943717199,3366.55444365,102.161036506,85248.0986852,1.02782527435e+59
489,31718.9189189,3.59944656561,3374.33710018,102.355649888,85579.7476044,1.02967888161e+59
490,31783.7837838,3.5994557401,3382.11978299,102.550262832,85912.0277201,1.03153583174e+59
491,31848.6486486,3.59946469858,3389.90249173,102.744875343,86244.9390311,1.03339613077e+59
492,31913.5135135,3.59947344424,3397.685226,102.939487429,86578.4815363,1.03525978473e+59
493,31978.3783784,3.59948198038,3405.46798541,103.134099096,86912.6552346,1.03712679969e+59
494,32043.2432432,3.59949031038,3413.25076956,103.328710351,87247.4601246,1.0389971817e+59
495,32108.1081081,3.59949843773,3421.03357803,103.5233212,87582.8962052,1.04087093682e+59
496,32172.972973,3.59950636602,3428.81641038,103.717931651,87918.9634751,1.04274807116e+59
497,32237.8378378,3.59951409895,3436.59926617,103.912541711,88255.6619329,1.04462859079e+59
498,32302.7027027,3.59952164036,3444.38214494,104.107151389,88592.9915773,1.04651250183e+59
499,32367.5675676,3.5995289942,3452.16504622,104.301760691,88930.9524067,1.04839981038e+59
500,32432.4324324,3.59953616456,3459.94796952,104.496369626,89269.5444199,1.05029052259e+59
501,32497.2972973,3.59954315566,3467.73091432,104.690978203,89608.7676151,1.05218464457e+59
502,32562.1621622,3.59954997189,3475.51388011,104.88558643,89948.621991,1.05408218249e+59
503,32627.027027,3.59955661777,3483.29686634,105.080194317,90289.1075457,1.0559831425e+59
504,32691.8918919,3.59956309798,3491.07987245,105.274801872,90630.2242777,1.05788753078e+59
505,32756.7567568,3.59956941737,3498.86289786,105.469409105,90971.9721852,1.0597953535e+59
506,32821.6216216,3.59957558098,3506.64594195,105.664016027,91314.3512663,1.06170661685e+59
507,32886.4864865,3.59958159399,3514.42900412,105.858622647,91657.3615193,1.06362132705e+59
508,32951.3513514,3.59958746179,3522.21208372,106.053228978,92001.0029422,1.0655394903e+59
509,33016.2162162,3.59959318996,3529.99518007,106.247835029,92345.2755329,1.06746111283e+59
510,33081.0810811,3.59959878426,3537.77829248,106.442440812,92690.1792894,1.06938620088e+59
511,33145.9459459,3.59960425068,3545.56142024,106.637046339,93035.7142096,1.0713147607e+59
512,33210.8108108,3.5996095954,3553.3445626,106.831651623,93381.8802912,1.07324679853e+59
513,33275.6756757,3.59961482481,3561.1277188,107.026256677,93728.6775319,1.07518232067e+59
514,33340.5405405,3.59961994554,3568.91088804,107.220861513,94076.1059293,1.07712133338e+59
515,33405.4054054,3.59962496445,3576.6940695,107.415466145,94424.165481,1.07906384295e+59
516,33470.2702703,3.59962988861,3584.47726233,107.610070588,94772.8561844,1.0810098557e+59
517,33535.1351351,3.59963472535,3592.26046565,107.804674856,95122.1780368,1.08295937794e+59
518,33600.0,3.59963948226,3600.04367855,107.999278965,95472.1310357,1.08491241599e+59
519,33664.8648649,3.59964416715,3607.82690009,108.193882929,95822.715178,1.08686897619e+59
520,33729.7297297,3.59964878813,3615.6101293,108.388486765,96173.930461,1.08882906488e+59
521,33794.5945946,3.59965335354,3623.39336519,108.583090491,96525.7768815,1.09079268844e+59
522,33859.4594595,3.59965787201,3631.1766067,108.777694122,96878.2544366,1.09275985322e+59
523,33924.3243243,3.59966235246,3638.95985279,108.972297678,97231.363123,1.09473056562e+59
524,33989.1891892,3.59966680407,3646.74310233,109.166901176,97585.1029374,1.09670483202e+59
525,34054.0540541,3.59967123634,3654.52635419,109.361504635,97939.4738763,1.09868265883e+59
526,34118.9189189,3.59967565906,3662.30960721,109.556108075,98294.4759363,1.10066405247e+59
527,34183.7837838,3.5996800823,3670.09286016,109.750711516,98650.1091137,1.10264901936e+59
528,34248.6486486,3.59968451648,3677.87611181,109.945314979,99006.3734048,1.10463756595e+59
529,34313.5135135,3.59968897231,3685.65936086,110.139918485,99363.2688057,1.10662969868e+59
530,34378.3783784,3.59969346083,3693.44260599,110.334522057,99720.7953125,1.10862542402e+59
531,34443.2432432,3.59969799342,3701.22584584,110.529125717,100078.952921,1.11062474843e+59
532,34508.1081081,3.59970258179,3709.00907899,110.723729488,100437.741627,1.11262767841e+59
533,34572.972973,3.59970723799,3716.79230401,110.918333395,100797.161426,1.11463422045e+59
534,34637.8378378,3.59971197443,3724.57551941,111.112937462,101157.212314,1.11664438105e+59
535,34702.7027027,3.59971680385,3732.35872366,111.307541716,101517.894286,1.11865816674e+59
536,34767.5675676,3.59972173939,3740.14191517,111.502146181,101879.207338,1.12067558405e+59
537,34832.4324324,3.59972364142,3747.92547062,111.69674458,102241.152599,1.12269664166e+59
538,34897.2972973,3.59972506303,3755.7090837,111.891342018,102603.72915,1.12472134439e+59
539,34962.1621622,3.59972633687,3763.49271451,112.08593916,102966.936873,1.1267496986e+59
540,35027.027027,3.59972746616,3771.27636267,112.280536013,103330.775764,1.12878171087e+59
541,35091.8918919,3.59972845431,3779.06002776,112.475132584,103695.245825,1.1308173878e+59
542,35156.7567568,3.59972930493,3786.84370935,112.66972888,104060.347052,1.132856736e+59
543,35221.6216216,3.59973002183,3794.62740698,112.864324909,104426.079445,1.13489976208e+59
544,35286.4864865,3.59973060904,3802.41112018,113.058920678,104792.443003,1.13694647268e+59
545,35351.3513514,3.59973107078,3810.19484842,113.253516196,105159.437723,1.13899687444e+59
546,35416.2162162,3.59973141151,3817.97859119,113.448111472,105527.063604,1.14105097402e+59
547,35481.0810811,3.59973163594,3825.76234791,113.642706515,105895.320645,1.14310877808e+59
548,35545.9459459,3.59973174896,3833.546118,113.837301336,106264.208843,1.1451702933e+59
549,35610.8108108,3.59973175575,3841.32990084,114.031895944,106633.728198,1.14723552637e+59
550,35675.6756757,3.5997316617,3849.11369577,114.22649035,107003.878706,1.149304484e+59
551,35740.5405405,3.59973147247,3856.89750212,114.421084567,107374.660366,1.1513771729e+59
552,35805.4054054,3.59973119398,3864.68131919,114.615678604,107746.073176,1.15345359979e+59
553,35870.2702703,3.59973083238,3872.46514622,114.810272476,108118.117133,1.15553377141e+59
554,35935.1351351,3.59973039414,3880.24898245,115.004866194,108490.792236,1.15761769451e+59
555,36000.0,3.59972988595,3888.03282707,115.199459772,108864.098481,1.15970537586e+59
556,36064.8648649,3.59972931482,3895.81667925,115.394053224,109238.035867,1.16179682223e+59
557,36129.7297297,3.59972868802,3903.6005381,115.588646565,109612.60439,1.1638920404e+59
558,36194.5945946,3.59972801313,3911.38440273,115.78323981,109987.804048,1.16599103718e+59
559,36259.4594595,3.59972729802,3919.16827218,115.977832974,110363.634838,1.16809381936e+59
560,36324.3243243,3.59972655085,3926.95214548,116.172426075,110740.096758,1.17020039378e+59
561,36389.1891892,3.59972578011,3934.7360216,116.367019128,111117.189803,1.17231076726e+59
562,36454.0540541,3.59972499459,3942.5198995,116.561612151,111494.913972,1.17442494666e+59
563,36518.9189189,3.5997242034,3950.30377808,116.756205164,111873.26926,1.17654293883e+59
564,36583.7837838,3.59972341599,3958.08765621,116.950798183,112252.255664,1.17866475065e+59
565,36648.6486486,3.59972264213,3965.87153271,117.14539123,112631.873181,1.18079038898e+59
566,36713.5135135,3.59972189193,3973.65540638,117.339984324,113012.121807,1.18291986073e+59
567,36778.3783784,3.59972117584,3981.43927595,117.534577487,113393.001539,1.18505317281e+59
568,36843.2432432,3.59972050467,3989.22314013,117.729170739,113774.512371,1.18719033213e+59
569,36908.1081081,3.59971988956,3997.00699759,117.923764103,114156.654302,1.18933134563e+59
570,36972.972973,3.59971934205,4004.79084694,118.118357603,114539.427325,1.19147622024e+59
571,37037.8378378,3.59971887401,4012.57468675,118.312951262,114922.831438,1.19362496292e+59
572,37102.7027027,3.59971849771,4020.35851556,118.507545104,115306.866635,1.19577758064e+59
573,37167.5675676,3.59971822578,4028.14233185,118.702139154,115691.532912,1.19793408038e+59
574,37232.4324324,3.59971807124,4035.92613405,118.89673344,116076.830265,1.20009446914e+59
575,37297.2972973,3.59971804749,4043.70992056,119.091327987,116462.758688,1.2022587539e+59
576,37362.1621622,3.59971816835,4051.49368973,119.285922823,116849.318177,1.2044269417e+59
577,37427.027027,3.59971844802,4059.27743984,119.480517977,117236.508726,1.20659903956e+59
578,37491.8918919,3.59971890111,4067.06116914,119.675113478,117624.33033,1.20877505452e+59
579,37556.7567568,3.59971954265,4074.84487584,119.869709356,118012.782984,1.21095499363e+59
580,37621.6216216,3.59972038809,4082.62855807,120.064305641,118401.866682,1.21313886397e+59
581,37686.4864865,3.59972145329,4090.41221394,120.258902366,118791.581419,1.2153266726e+59
582,37751.3513514,3.59972275456,4098.19584148,120.453499563,119181.927188,1.21751842662e+59
583,37816.2162162,3.59972430864,4105.9794387,120.648097266,119572.903984,1.21971413313e+59
584,37881.0810811,3.59972613269,4113.76300353,120.842695509,119964.511801,1.22191379925e+59
585,37945.9459459,3.59972824435,4121.54653385,121.037294327,120356.750632,1.2241174321e+59
586,38010.8108108,3.5997306617,4129.33002749,121.231893756,120749.62047,1.22632503883e+59
587,38075.6756757,3.59973340327,4137.11348224,121.426493834,121143.121309,1.22853662659e+59
588,38140.5405405,3.59973648807,4144.89689581,121.621094598,121537.253142,1.23075220254e+59
589,38205.4054054,3.59973993558,4152.68026587,121.815696087,121932.015962,1.23297177386e+59
590,38270.2702703,3.59974376574,4160.46359001,122.010298342,122327.409762,1.23519534774e+59
591,38335.1351351,3.599747999,4168.2468658,122.204901403,122723.434535,1.23742293138e+59
592,38400.0,3.59974978462,4176.03043524,122.399499569,123120.091306,1.23965453418e+59
593,38464.8648649,3.59975098006,4183.81407549,122.594096555,123517.379407,1.24189016199e+59
594,38529.7297297,3.5997522464,4191.59770723,122.788693682,123915.2986,1.24412982153e+59
595,38594.5945946,3.59975358438,4199.38133038,122.983290953,124313.848885,1.2463735201e+59
596,38659.4594595,3.59975499459,4207.16494486,123.177888368,124713.030262,1.24862126497e+59
597,38724.3243243,3.59975647748,4214.94855063,123.372485928,125112.84273,1.25087306343e+59
598,38789.1891892,3.59975803333,4222.73214764,123.567083634,125513.28629,1.2531289228e+59
599,38854.0540541,3.59975966227,4230.51573588,123.761681487,125914.36094,1.25538885039e+59
600,38918.9189189,3.59976136428,4238.29931536,123.956279485,126316.066682,1.25765285354e+59
601,38983.7837838,3.59976313914,4246.0828861,124.15087763,126718.403516,1.25992093961e+59
602,39048.6486486,3.5997649865,4253.86644814,124.345475919,127121.371441,1.26219311594e+59
603,39113.5135135,3.59976690582,4261.65000155,124.540074352,127524.970458,1.26446938992e+59
604,39178.3783784,3.59976889638,4269.43354641,124.734672928,127929.200566,1.26674976894e+59
605,39243.2432432,3.5997709573,4277.21708283,124.929271644,128334.061767,1.26903426039e+59
606,39308.1081081,3.59977308751,4285.00061094,125.123870499,128739.554061,1.2713228717e+59
607,39372.972973,3.59977528576,4292.78413088,125.31846949,129145.677447,1.27361561028e+59
608,39437.8378378,3.5997775506,4300.56764284,125.513068615,129552.431928,1.27591248359e+59
609,39502.7027027,3.5997798804,4308.35114701,125.707667869,129959.817502,1.27821349907e+59
610,39567.5675676,3.59978227336,4316.1346436,125.902267249,130367.834172,1.28051866419e+59
611,39632.4324324,3.59978472744,4323.91813286,126.096866752,130776.481937,1.28282798645e+59
612,39697.2972973,3.59978724042,4331.70161505,126.291466373,131185.760798,1.28514147332e+59
613,39762.1621622,3.5997898099,4339.48509046,126.486066106,131595.670757,1.28745913233e+59
614,39827.027027,3.59979243325,4347.26855941,126.680665948,132006.211814,1.28978097099e+59
615,39891.8918919,3.59979510762,4355.05202224,126.875265891,132417.38397,1.29210699684e+59
616,39956.7567568,3.59979782998,4362.83547932,127.06986593,132829.187227,1.29443721743e+59
617,40021.6216216,3.59980059707,4370.61893103,127.264466059,133241.621585,1.29677164032e+59
618,40086.4864865,3.59980340541,4378.40237779,127.45906627,133654.687046,1.29911027309e+59
619,40151.3513514,3.5998062513,4386.18582005,127.653666557,134068.383611,1.30145312333e+59
620,40216.2162162,3.59980913082,4393.96925828,127.84826691,134482.711281,1.30380019864e+59
621,40281.0810811,3.59981203982,4401.75269297,128.042867323,134897.670058,1.30615150665e+59
622,40345.9459459,3.59981497392,4409.53612465,128.237467786,135313.259944,1.30850705497e+59
623,40410.8108108,3.5998179285,4417.31955387,128.432068289,135729.480941,1.31086685127e+59
624,40475.6756757,3.59982089872,4425.10298122,128.626668824,136146.333049,1.31323090319e+59
625,40540.5405405,3.59982387949,4432.88640731,128.821269381,136563.816271,1.31559921842e+59
626,40605.4054054,3.59982686548,4440.66983277,129.015869947,136981.930609,1.31797180463e+59
627,40670.2702703,3.5998298511,4448.45325827,129.210470513,137400.676064,1.32034866953e+59
628,40735.1351351,3.59983283053,4456.23668452,129.405071066,137820.052639,1.32272982083e+59
629,40800.0,3.59983580275,4464.02011164,129.599671606,138240.060335,1.32511526626e+59
630,40864.8648649,3.59983929578,4471.80347627,129.794273186,138660.698961,1.32750501414e+59
631,40929.7297297,3.59984282332,4479.58683676,129.988874836,139081.968691,1.3298990717e+59
632,40994.5945946,3.5998463818,4487.37019354,130.183476547,139503.869529,1.33229744673e+59
633,41059.4594595,3.59984996746,4495.15354706,130.378078313,139926.401474,1.33470014701e+59
634,41124.3243243,3.5998535764,4502.93689779,130.572680126,140349.564528,1.33710718034e+59
635,41189.1891892,3.59985720455,4510.72024621,130.767281977,140773.358693,1.33951855455e+59
636,41254.0540541,3.59986084764,4518.50359285,130.961883857,141197.783971,1.34193427745e+59
637,41318.9189189,3.59986450125,4526.28693822,131.156485759,141622.840362,1.34435435689e+59
638,41383.7837838,3.59986816079,4534.07028288,131.351087673,142048.527868,1.34677880073e+59
639,41448.6486486,3.59987182148,4541.85362741,131.545689589,142474.846492,1.34920761684e+59
640,41513.5135135,3.59987547835,4549.6369724,131.740291497,142901.796235,1.35164081312e+59
641,41578.3783784,3.59987912628,4557.42031846,131.934893388,143329.377099,1.35407839745e+59
642,41643.2432432,3.59988275993,4565.20366623,132.12949525,143757.589085,1.35652037776e+59
643,41708.1081081,3.59988637381,4572.98701638,132.324097072,144186.432196,1.35896676197e+59
644,41772.972973,3.59988996223,4580.77036959,132.518698843,144615.906434,1.36141755804e+59
645,41837.8378378,3.5998935193,4588.55372655,132.713300552,145046.011801,1.36387277391e+59
646,41902.7027027,3.59989703896,4596.33708801,132.907902186,145476.748298,1.36633241755e+59
647,41967.5675676,3.59990051495,4604.12045471,133.102503733,145908.11593,1.36879649697e+59
648,42032.4324324,3.59990394081,4611.90382742,133.297105179,146340.114696,1.37126502015e+59
649,42097.2972973,3.5999073099,4619.68720695,133.491706512,146772.744601,1.37373799511e+59
650,42162.1621622,3.59991061535,4627.47059411,133.686307717,147206.005646,1.37621542989e+59
651,42227.027027,3.59991385014,4635.25398975,133.880908781,147639.897835,1.37869733252e+59
652,42291.8918919,3.59991700701,4643.03739474,134.07550969,148074.421169,1.38118371108e+59
653,42356.7567568,3.59992007852,4650.82080997,134.270110427,148509.575651,1.38367457362e+59
654,42421.6216216,3.599923057,4658.60423637,134.464710979,148945.361285,1.38616992825e+59
655,42486.4864865,3.59992593461,4666.38767487,134.659311329,149381.778072,1.38866978306e+59
656,42551.3513514,3.59992870326,4674.17112644,134.853911461,149818.826016,1.39117414617e+59
657,42616.2162162,3.59993135469,4681.95459208,135.048511358,150256.50512,1.39368302571e+59
658,42681.0810811,3.59993388039,4689.73807281,135.243111004,150694.815387,1.39619642983e+59
659,42745.9459459,3.59993627168,4697.52156966,135.437710381,151133.75682,1.3987143667e+59
660,42810.8108108,3.59993851962,4705.30508371,135.632309472,151573.329422,1.40123684448e+59
661,42875.6756757,3.59994061508,4713.08861606,135.826908257,152013.533197,1.40376387137e+59
662,42940.5405405,3.59994254871,4720.87216783,136.021506719,152454.368147,1.40629545558e+59
663,43005.4054054,3.59994431093,4728.65574016,136.216104838,152895.834277,1.40883160533e+59
664,43070.2702703,3.59994589193,4736.43933423,136.410702595,153337.931589,1.41137232885e+59
665,43135.1351351,3.5999472817,4744.22295125,136.605299969,153780.660088,1.41391763439e+59
666,43200.0,3.59994846999,4752.00659245,136.79989694,154224.019777,1.41646753022e+59
667,43264.8648649,3.59994977772,4759.79021931,136.99449415,154668.010541,1.41902202458e+59
668,43329.7297297,3.59995218042,4767.57371481,137.18909355,155112.632028,1.42158112565e+59
669,43394.5945946,3.5999545291,4775.35721678,137.383692842,155557.884653,1.42414484188e+59
670,43459.4594595,3.59995682241,4783.14072541,137.578292023,156003.768414,1.42671318159e+59
671,43524.3243243,3.59995905904,4790.92424083,137.772891091,156450.283314,1.42928615311e+59
672,43589.1891892,3.59996123777,4798.7077632,137.967490043,156897.429352,1.43186376481e+59
673,43654.0540541,3.5999633574,4806.49129266,138.162088877,157345.20653,1.43444602504e+59
674,43718.9189189,3.59996541681,4814.27482935,138.35668759,157793.614846,1.4370329422e+59
675,43783.7837838,3.59996741495,4822.05837339,138.551286181,158242.654302,1.43962452468e+59
676,43848.6486486,3.59996935083,4829.8419249,138.745884648,158692.324898,1.4422207809e+59
677,43913.5135135,3.59997122352,4837.625484,138.940482988,159142.626635,1.44482171928e+59
678,43978.3783784,3.59997303216,4845.40905078,139.135081199,159593.559512,1.44742734828e+59
679,44043.2432432,3.59997477597,4853.19262533,139.329679282,160045.12353,1.45003767634e+59
680,44108.1081081,3.59997645425,4860.97620775,139.524277233,160497.318689,1.45265271195e+59
681,44172.972973,3.59997806634,4868.75979812,139.718875052,160950.14499,1.45527246359e+59
682,44237.8378378,3.59997961171,4876.54339649,139.913472737,161403.602432,1.45789693977e+59
683,44302.7027027,3.59998108986,4884.32700292,140.108070288,161857.691016,1.46052614902e+59
684,44367.5675676,3.5999825004,4892.11061747,140.302667704,162312.410742,1.46316009985e+59
685,44432.4324324,3.59998384301,4899.89424017,140.497264983,162767.76161,1.46579880084e+59
686,44497.2972973,3.59998511746,4907.67787104,140.691862127,163223.74362,1.46844226054e+59
687,44562.1621622,3.59998632361,4915.46151011,140.886459134,163680.356773,1.47109048753e+59
688,44627.027027,3.59998746141,4923.24515738,141.081056004,164137.601067,1.47374349041e+59
689,44691.8918919,3.59998853088,4931.02881285,141.275652737,164595.476504,1.4764012778e+59
690,44756.7567568,3.59998953217,4938.8124765,141.470249335,165053.983083,1.47906385832e+59
691,44821.6216216,3.59999046549,4946.59614831,141.664845796,165513.120804,1.48173124062e+59
692,44886.4864865,3.59999133116,4954.37982823,141.859442122,165972.889667,1.48440343335e+59
693,44951.3513514,3.59999212961,4962.16351622,142.054038313,166433.289672,1.48708044518e+59
694,45016.2162162,3.59999286135,4969.94721221,142.248634371,166894.320819,1.48976228482e+59
695,45081.0810811,3.599993527,4977.73091613,142.443230297,167355.983106,1.49244896096e+59
696,45145.9459459,3.5999941273,4985.5146279,142.637826092,167818.276535,1.49514048232e+59
697,45210.8108108,3.59999466307,4993.2983474,142.832421759,168281.201105,1.49783685764e+59
698,45275.6756757,3.59999513526,5001.08207453,143.027017298,168744.756815,1.50053809568e+59
699,45340.5405405,3.59999554492,5008.86580917,143.221612711,169208.943666,1.50324420519e+59
700,45405.4054054,3.59999589322,5016.64955116,143.416208003,169673.761656,1.50595519497e+59
701,45470.2702703,3.59999618143,5024.43330037,143.610803174,170139.210785,1.50867107381e+59
702,45535.1351351,3.59999641095,5032.21705662,143.805398227,170605.291053,1.51139185053e+59
703,45600.0,3.59999658329,5040.00081972,143.999993167,171072.002459,1.51411753396e+59
704,45664.8648649,3.59999670009,5047.78458949,144.194587995,171539.345003,1.51684813294e+59
705,45729.7297297,3.59999674765,5055.56836757,144.389182684,172007.318689,1.51958365652e+59
706,45794.5945946,3.59999671898,5063.3521548,144.583777222,172475.923521,1.52232411371e+59
707,45859.4594595,3.59999663612,5071.13594853,144.778371651,172945.159489,1.52506951313e+59
708,45924.3243243,3.59999650097,5078.91974854,144.972965975,173415.026594,1.5278198637e+59
709,45989.1891892,3.59999631556,5086.70355457,145.167560199,173885.524835,1.53057517436e+59
710,46054.0540541,3.59999608202,5094.48736638,145.362154326,174356.65421,1.53333545404e+59
711,46118.9189189,3.59999580265,5102.27118369,145.556748362,174828.41472,1.53610071171e+59
712,46183.7837838,3.59999547984,5110.05500621,145.751342311,175300.806363,1.53887095634e+59
713,46248.6486486,3.59999511613,5117.83883364,145.945936178,175773.829138,1.54164619692e+59
714,46313.5135135,3.59999471418,5125.62266566,146.140529969,176247.483044,1.54442644247e+59
715,46378.3783784,3.59999427681,5133.40650193,146.335123689,176721.768081,1.547211702e+59
716,46443.2432432,3.59999380694,5141.19034209,146.529717344,177196.684248,1.55000198457e+59
717,46508.1081081,3.59999330765,5148.97418579,146.72431094,177672.231542,1.55279729921e+59
718,46572.972973,3.59999278216,5156.75803262,146.918904483,178148.409963,1.55559765502e+59
719,46637.8378378,3.59999223383,5164.5418822,147.113497981,178625.219511,1.55840306107e+59
720,46702.7027027,3.59999166616,5172.3257341,147.30809144,179102.660183,1.56121352648e+59
721,46767.5675676,3.5999910828,5180.10958788,147.502684868,179580.731978,1.56402906036e+59
722,46832.4324324,3.59999048754,5187.89344309,147.697278272,180059.434895,1.56684967186e+59
723,46897.2972973,3.59998988433,5195.67729925,147.891871661,180538.768932,1.56967537012e+59
724,46962.1621622,3.59998927726,5203.46115587,148.086465041,181018.734089,1.57250616432e+59
725,47027.027027,3.59998867058,5211.24501245,148.281058422,181499.330362,1.57534206365e+59
726,47091.8918919,3.59998806869,5219.02886845,148.475651813,181980.557752,1.5781830773e+59
727,47156.7567568,3.59998747616,5226.81272333,148.670245223,182462.416256,1.58102921451e+59
728,47221.6216216,3.59998689771,5234.59657652,148.86483866,182944.905873,1.58388048449e+59
729,47286.4864865,3.5999863382,5242.38042744,149.059432136,183428.0266,1.58673689652e+59
730,47351.3513514,3.5999858027,5250.16427547,149.254025659,183911.778436,1.58959845985e+59
731,47416.2162162,3.59998529639,5257.94812001,149.448619241,184396.16138,1.59246518378e+59
732,47481.0810811,3.59998482466,5265.73196039,149.643212893,184881.175428,1.5953370776e+59
733,47545.9459459,3.59998439304,5273.51579596,149.837806624,185366.82058,1.59821415063e+59
734,47610.8108108,3.59998400725,5281.29962603,150.032400447,185853.096833,1.60109641222e+59
735,47675.6756757,3.59998367316,5289.0834499,150.226994373,186340.004185,1.6039838717e+59
736,47740.5405405,3.59998339684,5296.86726683,150.421588415,186827.542633,1.60687653846e+59
737,47805.4054054,3.59998318451,5304.65107609,150.616182585,187315.712176,1.60977442187e+59
738,47870.2702703,3.59998304258,5312.4348769,150.810776896,187804.512812,1.61267753134e+59
739,47935.1351351,3.59998297764,5320.21866847,151.005371361,188293.944537,1.61558587628e+59
740,48000.0,3.59998299646,5328.00244999,151.199965993,188784.00735,1.61849946614e+59
741,48064.8648649,3.599983106,5335.78622063,151.394560807,189274.701248,1.62141831036e+59
742,48129.7297297,3.59998331338,5343.56997953,151.589155816,189766.026228,1.62434241841e+59
743,48194.5945946,3.59998234171,5351.35387989,151.783748467,190257.98275,1.62727180149e+59
744,48259.4594595,3.59998055537,5359.13787799,151.978339489,190750.570683,1.63020646861e+59
745,48324.3243243,3.59997869327,5366.92188519,152.17293036,191243.789761,1.63314642834e+59
746,48389.1891892,3.59997675612,5374.70590139,152.36752108,191737.639983,1.63609169021e+59
747,48454.0540541,3.59997474478,5382.48992649,152.562111652,192232.12135,1.63904226379e+59
748,48518.9189189,3.5999726602,5390.27396037,152.756702077,192727.233861,1.64199815866e+59
749,48583.7837838,3.59997050352,5398.05800291,152.951292358,193222.977515,1.64495938442e+59
750,48648.6486486,3.59996827597,5405.84205394,153.145882498,193719.352312,1.64792595068e+59
751,48713.5135135,3.59996597895,5413.62611332,153.340472498,194216.358252,1.65089786708e+59
752,48778.3783784,3.599963614,5421.41018084,153.535062363,194713.995334,1.65387514325e+59
753,48843.2432432,3.59996118282,5429.19425631,153.729652095,195212.263558,1.65685778887e+59
754,48908.1081081,3.59995868725,5436.9783395,153.924241699,195711.162922,1.65984581362e+59
755,48972.972973,3.59995612929,5444.76243018,154.118831178,196210.693426,1.6628392272e+59
756,49037.8378378,3.59995351112,5452.54652808,154.313420536,196710.85507,1.66583803932e+59
757,49102.7027027,3.59995083507,5460.33063292,154.508009778,197211.647852,1.66884225973e+59
758,49167.5675676,3.59994810363,5468.11474441,154.70259891,197713.071772,1.67185189816e+59
759,49232.4324324,3.59994531947,5475.89886222,154.897187936,198215.126828,1.67486696439e+59
760,49297.2972973,3.59994248546,5483.68298602,155.091776863,198717.813019,1.67788746822e+59
761,49362.1621622,3.5999396046,5491.46711543,155.286365696,199221.130346,1.68091341943e+59
762,49427.027027,3.59993668012,5499.25125008,155.480954441,199725.078805,1.68394482785e+59
763,49491.8918919,3.59993371541,5507.03538955,155.675543107,200229.658397,1.68698170331e+59
764,49556.7567568,3.59993071407,5514.81953342,155.870131698,200734.869119,1.69002405569e+59
765,49621.6216216,3.59992767986,5522.60368123,156.064720225,201240.710971,1.69307189483e+59
766,49686.4864865,3.59992461678,5530.38783251,156.259308693,201747.18395,1.69612523065e+59
767,49751.3513514,3.599921529,5538.17198674,156.453897112,202254.288057,1.69918407304e+59
768,49816.2162162,3.5999184209,5545.95614342,156.64848549,202762.023288,1.70224843193e+59
769,49881.0810811,3.59991529709,5553.74030198,156.843073837,203270.389642,1.70531831726e+59
770,49945.9459459,3.59991216236,5561.52446184,157.037662163,203779.387118,1.70839373899e+59
771,50010.8108108,3.59990902174,5569.30862242,157.232250476,204289.015714,1.71147470711e+59
772,50075.6756757,3.59990588048,5577.09278307,157.426838788,204799.275427,1.7145612316e+59
773,50140.5405405,3.59990274402,5584.87694314,157.62142711,205310.166257,1.71765332248e+59
774,50205.4054054,3.59989961806,5592.66110195,157.816015452,205821.6882,1.72075098978e+59
775,50270.2702703,3.59989650852,5600.44525879,158.010603828,206333.841255,1.72385424354e+59
776,50335.1351351,3.59989342156,5608.22941292,158.205192249,206846.625419,1.72696309384e+59
777,50400.0,3.59989036356,5616.01356358,158.399780727,207360.040691,1.73007755076e+59
778,50464.8648649,3.59988734115,5623.79770996,158.594369277,207874.087067,1.7331976244e+59
779,50529.7297297,3.59988436121,5631.58185125,158.788957912,208388.764546,1.73632332487e+59
780,50594.5945946,3.59988143086,5639.36598659,158.983546645,208904.073124,1.73945466231e+59
781,50659.4594595,3.59987855748,5647.15011509,159.178135493,209420.0128,1.74259164689e+59
782,50724.3243243,3.59987574869,5654.93423584,159.37272447,209936.583569,1.74573428876e+59
783,50789.1891892,3.59987301239,5662.7183479,159.567313592,210453.785431,1.74888259813e+59
784,50854.0540541,3.59987035672,5670.50245027,159.761902876,210971.618381,1.75203658519e+59
785,50918.9189189,3.5998677901,5678.28654197,159.956492337,211490.082416,1.75519626018e+59
786,50983.7837838,3.59986532122,5686.07062193,160.151081994,212009.177534,1.75836163334e+59
787,51048.6486486,3.59986295903,5693.8546891,160.345671864,212528.903731,1.76153271493e+59
788,51113.5135135,3.59986071278,5701.63874235,160.540261966,213049.261004,1.76470951522e+59
789,51178.3783784,3.59985859198,5709.42278055,160.734852319,213570.24935,1.76789204453e+59
790,51243.2432432,3.59985660643,5717.20680252,160.929442943,214091.868764,1.77108031315e+59
791,51308.1081081,3.59985476622,5724.99080706,161.124033857,214614.119244,1.77427433143e+59
792,51372.972973,3.59985308172,5732.77479291,161.318625082,215137.000785,1.77747410972e+59
793,51437.8378378,3.59985156361,5740.5587588,161.513216641,215660.513384,1.78067965839e+59
794,51502.7027027,3.59985022286,5748.3427034,161.707808554,216184.657036,1.78389098782e+59
795,51567.5675676,3.59984907076,5756.12662537,161.902400844,216709.431739,1.78710810842e+59
796,51632.4324324,3.59984811886,5763.91052332,162.096993535,217234.837487,1.79033103062e+59
797,51697.2972973,3.59984737908,5771.69439582,162.29158665,217760.874276,1.79355976485e+59
798,51762.1621622,3.59984686359,5779.47824141,162.486180214,218287.542102,1.79679432158e+59
799,51827.027027,3.59984658494,5787.26205858,162.680774251,218814.84096,1.80003471128e+59
800,51891.8918919,3.59984655594,5795.0458458,162.875368788,219342.770846,1.80328094446e+59
801,51956.7567568,3.59984678977,5802.82960148,163.06996385,219871.331756,1.80653303162e+59
802,52021.6216216,3.59984729992,5810.61332401,163.264559465,220400.523683,1.8097909833e+59
803,52086.4864865,3.59984810019,5818.39701173,163.45915566,220930.346623,1.81305481005e+59
804,52151.3513514,3.59984920475,5826.18066294,163.653752464,221460.800572,1.81632452244e+59
805,52216.2162162,3.59985062808,5833.9642759,163.848349905,221991.885523,1.81960013105e+59
806,52281.0810811,3.59985238503,5841.74784884,164.042948013,222523.601472,1.82288164651e+59
807,52345.9459459,3.59985449076,5849.53137993,164.237546819,223055.948413,1.82616907942e+59
808,52410.8108108,3.59985631658,5857.3149446,164.432145066,223588.926572,1.82946244158e+59
809,52475.6756757,3.59985555996,5865.09881911,164.626738147,224122.536779,1.83276174782e+59
810,52540.5405405,3.59985487671,5872.88268482,164.821331375,224656.778076,1.83606700408e+59
811,52605.4054054,3.59985426767,5880.66654163,165.015924752,225191.650465,1.83937822109e+59
812,52670.2702703,3.59985373364,5888.45038943,165.210518278,225727.153944,1.84269540959e+59
813,52735.1351351,3.5998532753,5896.23422816,165.405111956,226263.288514,1.84601858035e+59
814,52800.0,3.59985289327,5904.01805772,165.599705787,226800.054173,1.84934774416e+59
815,52864.8648649,3.5998525881,5911.80187807,165.794299771,227337.450923,1.85268291181e+59
816,52929.7297297,3.59985236023,5919.58568914,165.98889391,227875.478762,1.85602409413e+59
817,52994.5945946,3.59985221004,5927.36949089,166.183488204,228414.137691,1.85937130197e+59
818,53059.4594595,3.59985213782,5935.15328329,166.378082654,228953.42771,1.86272454618e+59
819,53124.3243243,3.59985214375,5942.93706631,166.57267726,229493.348818,1.86608383765e+59
820,53189.1891892,3.59985222796,5950.72083993,166.767272023,230033.901015,1.86944918728e+59
821,53254.0540541,3.59985239044,5958.50460417,166.961866943,230575.084302,1.87282060598e+59
822,53318.9189189,3.59985263113,5966.28835902,167.156462019,231116.898678,1.87619810471e+59
823,53383.7837838,3.59985294984,5974.07210451,167.351057251,231659.344144,1.87958169441e+59
824,53448.6486486,3.5998533463,5981.85584068,167.545652639,232202.4207,1.88297138607e+59
825,53513.5135135,3.59985382014,5989.63956755,167.740248181,232746.128345,1.88636719069e+59
826,53578.3783784,3.59985437088,5997.42328521,167.934843877,233290.46708,1.88976911928e+59
827,53643.2432432,3.59985499795,6005.2069937,168.129439726,233835.436905,1.89317718289e+59
828,53708.1081081,3.59985570066,6012.99069312,168.324035726,234381.037821,1.89659139257e+59
829,53772.972973,3.59985647823,6020.77438356,168.518631875,234927.269827,1.90001175941e+59
830,53837.8378378,3.59985732974,6028.55806512,168.713228173,235474.132924,1.90343829449e+59
831,53902.7027027,3.59985825418,6036.34173794,168.907824616,236021.627113,1.90687100895e+59
832,53967.5675676,3.59985925045,6044.12540214,169.102421204,236569.752393,1.91030991391e+59
833,54032.4324324,3.59986031728,6051.90905787,169.297017932,237118.508766,1.91375502053e+59
834,54097.2972973,3.59986145334,6059.6927053,169.491614799,237667.896231,1.91720633999e+59
835,54162.1621622,3.59986265713,6067.4763446,169.686211801,238217.91479,1.9206638835e+59
836,54227.027027,3.59986392708,6075.25997596,169.880808935,238768.564442,1.92412766226e+59
837,54291.8918919,3.59986526145,6083.04359959,170.075406199,239319.845189,1.92759768752e+59
838,54356.7567568,3.59986665841,6090.82721572,170.270003587,239871.757031,1.93107397053e+59
839,54421.6216216,3.59986811599,6098.61082457,170.464601097,240424.299968,1.93455652257e+59
840,54486.4864865,3.59986963209,6106.3944264,170.659198724,240977.474002,1.93804535495e+59
841,54551.3513514,3.59987120448,6114.17802148,170.853796463,241531.279134,1.94154047897e+59
842,54616.2162162,3.59987283081,6121.96161009,171.04839431,242085.715364,1.94504190598e+59
843,54681.0810811,3.59987450858,6129.74519253,171.24299226,242640.782692,1.94854964734e+59
844,54745.9459459,3.59987623516,6137.52876911,171.437590308,243196.481121,1.95206371442e+59
845,54810.8108108,3.59987800779,6145.31234017,171.632188448,243752.810651,1.95558411864e+59
846,54875.6756757,3.59987982356,6153.09590605,171.826786674,244309.771283,1.9591108714e+59
847,54940.5405405,3.59988167942,6160.87946712,172.02138498,244867.363018,1.96264398414e+59
848,55005.4054054,3.59988357218,6168.66302377,172.215983361,245425.585857,1.96618346834e+59
849,55070.2702703,3.59988549851,6176.44657639,172.410581808,245984.439802,1.96972933547e+59
850,55135.1351351,3.59988745492,6184.2301254,172.605180315,246543.924854,1.97328159702e+59
851,55200.0,3.59988945109,6192.01366964,172.799778902,247104.041009,1.97684026464e+59
852,55264.8648649,3.59989175835,6199.79717655,172.994378111,247664.78817,1.98040535208e+59
853,55329.7297297,3.59989411317,6207.58067776,173.188977416,248226.166431,1.98397686881e+59
854,55394.5945946,3.59989651284,6215.36417358,173.383576809,248788.175793,1.98755482642e+59
855,55459.4594595,3.59989895455,6223.14766436,173.578176287,249350.816258,1.99113923655e+59
856,55524.3243243,3.59990143534,6230.93115046,173.772775844,249914.087827,1.99473011081e+59
857,55589.1891892,3.59990395213,6238.71463223,173.967375472,250477.9905,1.99832746088e+59
858,55654.0540541,3.59990650175,6246.49811007,174.161975166,251042.524279,2.00193129843e+59
859,55718.9189189,3.59990908086,6254.28158437,174.356574918,251607.689165,2.00554163516e+59
860,55783.7837838,3.59991168602,6262.06505554,174.551174723,252173.485159,2.00915848279e+59
861,55848.6486486,3.59991431364,6269.84852402,174.745774573,252739.912263,2.01278185307e+59
862,55913.5135135,3.59991696004,6277.63199025,174.940374461,253306.970478,2.01641175777e+59
863,55978.3783784,3.59991962135,6285.41545468,175.134974378,253874.659805,2.02004820866e+59
864,56043.2432432,3.59992229362,6293.19891781,175.329574317,254442.980245,2.02369121755e+59
865,56108.1081081,3.59992497274,6300.98238011,175.52417427,255011.931801,2.02734079627e+59
866,56172.972973,3.59992765446,6308.7658421,175.718774228,255581.514473,2.03099695668e+59
867,56237.8378378,3.5999303344,6316.54930431,175.913374182,256151.728264,2.03465971063e+59
868,56302.7027027,3.59993300805,6324.33276727,176.107974124,256722.573174,2.03832907003e+59
869,56367.5675676,3.59993567074,6332.11623155,176.302574044,257294.049206,2.04200504679e+59
870,56432.4324324,3.59993831768,6339.89969772,176.497173933,257866.156361,2.04568765284e+59
871,56497.2972973,3.59994094391,6347.68316637,176.69177378,258438.894642,2.04937690015e+59
872,56562.1621622,3.59994354435,6355.46663812,176.886373575,259012.264049,2.05307280068e+59
873,56627.027027,3.59994611376,6363.2501136,177.080973309,259586.264585,2.05677536644e+59
874,56691.8918919,3.59994864675,6371.03359344,177.275572969,260160.896251,2.06048460945e+59
875,56756.7567568,3.59995113779,6378.81707832,177.470172546,260736.159051,2.06420054175e+59
876,56821.6216216,3.59995358121,6386.60056891,177.664772027,261312.052985,2.06792317541e+59
877,56886.4864865,3.59995597115,6394.38406592,177.859371402,261888.578056,2.07165252252e+59
878,56951.3513514,3.59995830163,6402.16757006,178.053970657,262465.734266,2.07538859518e+59
879,57016.2162162,3.59996056651,6409.95108208,178.248569782,263043.521617,2.07913140553e+59
880,57081.0810811,3.59996275948,6417.73460273,178.443168762,263621.940112,2.08288096571e+59
881,57145.9459459,3.59996487408,6425.51813278,178.637767586,264200.989753,2.0866372879e+59
882,57210.8108108,3.59996690369,6433.30167302,178.83236624,264780.670541,2.09040038431e+59
883,57275.6756757,3.59996884154,6441.08522428,179.02696471,265360.982481,2.09417026713e+59
884,57340.5405405,3.59997068066,6448.86878739,179.221562983,265941.925573,2.09794694863e+59
885,57405.4054054,3.59997241397,6456.65236319,179.416161044,266523.499822,2.10173044105e+59
886,57470.2702703,3.59997403419,6464.43595256,179.610758879,267105.705228,2.10552075668e+59
887,57535.1351351,3.59997553387,6472.2195564,179.805356473,267688.541796,2.10931790784e+59
888,57600.0,3.5999769054,6480.00317561,179.999953811,268272.009527,2.11312190684e+59
889,57664.8648649,3.59997814102,6487.78681113,180.194550877,268856.108425,2.11693276604e+59
890,57729.7297297,3.59997923276,6495.57046391,180.389147655,269440.838492,2.1207504978e+59
891,57794.5945946,3.59998017252,6503.35413493,180.583744129,270026.199731,2.12457511454e+59
892,57859.4594595,3.59998095198,6511.13782519,180.778340282,270612.192146,2.12840662866e+59
893,57924.3243243,3.59998156269,6518.92153569,180.972936098,271198.815739,2.1322450526e+59
894,57989.1891892,3.59998199598,6526.70526748,181.16753156,271786.070514,2.13609039883e+59
895,58054.0540541,3.59998375982,6534.48883963,181.362129682,272373.955927,2.13994268001e+59
896,58118.9189189,3.59998564298,6542.27239746,181.556728043,272962.472415,2.1438019085e+59
897,58183.7837838,3.59998749134,6550.05595946,181.751326334,273551.620033,2.14766809681e+59
898,58248.6486486,3.59998930355,6557.83952581,181.945924553,274141.398782,2.15154125751e+59
899,58313.5135135,3.59999107829,6565.62309665,182.140522697,274731.808662,2.15542140316e+59
900,58378.3783784,3.59999281424,6573.40667215,182.335120764,275322.849673,2.15930854637e+59
901,58443.2432432,3.59999451013,6581.19025245,182.52971875,275914.521817,2.16320269975e+59
902,58508.1081081,3.5999961647,6588.97383771,182.724316654,276506.825092,2.16710387595e+59
903,58572.972973,3.59999777672,6596.75742808,182.918914472,277099.759501,2.17101208764e+59
904,58637.8378378,3.59999934499,6604.5410237,183.113512203,277693.325043,2.1749273475e+59
905,58702.7027027,3.60000086833,6612.32462471,183.308109845,278287.521719,2.17884966824e+59
906,58767.5675676,3.6000023456,6620.10823125,183.502707394,278882.349529,2.18277906261e+59
907,58832.4324324,3.60000377567,6627.89184345,183.697304849,279477.808474,2.18671554335e+59
908,58897.2972973,3.60000515746,6635.67546145,183.891902207,280073.898554,2.19065912326e+59
909,58962.1621622,3.60000648991,6643.45908536,184.086499466,280670.619769,2.19460981512e+59
910,59027.027027,3.600007772,6651.24271532,184.281096625,281267.97212,2.19856763177e+59
911,59091.8918919,3.60000900274,6659.02635144,184.475693681,281865.955607,2.20253258606e+59
912,59156.7567568,3.60001018116,6666.80999384,184.670290633,282464.57023,2.20650469086e+59
913,59221.6216216,3.60001130635,6674.59364263,184.864887478,283063.81599,2.21048395906e+59
914,59286.4864865,3.60001237741,6682.37729791,185.059484214,283663.692887,2.21447040359e+59
915,59351.3513514,3.6000133935,6690.16095978,185.254080841,284264.200922,2.21846403739e+59
916,59416.2162162,3.6000143538,6697.94462835,185.448677356,284865.340094,2.22246487342e+59
917,59481.0810811,3.60001525754,6705.72830371,185.643273758,285467.110404,2.22647292466e+59
918,59545.9459459,3.60001610397,6713.51198594,185.837870046,286069.511853,2.23048820414e+59
919,59610.8108108,3.6000168924,6721.29567514,186.032466217,286672.54444,2.23451072488e+59
920,59675.6756757,3.60001762218,6729.07937137,186.227062271,287276.208165,2.23854049995e+59
921,59740.5405405,3.60001829268,6736.86307471,186.421658207,287880.50303,2.24257754242e+59
922,59805.4054054,3.60001890334,6744.64678524,186.616254023,288485.429034,2.2466218654e+59
923,59870.2702703,3.60001945363,6752.430503,186.810849718,289090.986177,2.25067348202e+59
924,59935.1351351,3.60001994306,6760.21422807,187.005445292,289697.174459,2.25473240543e+59
925,60000.0,3.6000203712,6767.9979605,187.200040742,290303.993882,2.2587986488e+59
926,60064.8648649,3.60002073764,6775.78170032,187.39463607,290911.444444,2.26287222535e+59
927,60129.7297297,3.60002104205,6783.56544759,187.589231273,291519.526146,2.26695314827e+59
928,60194.5945946,3.60002128412,6791.34920234,187.783826352,292128.238988,2.27104143084e+59
929,60259.4594595,3.6000214636,6799.1329646,187.978421306,292737.58297,2.2751370863e+59
930,60324.3243243,3.6000215803,6806.91673439,188.173016134,293347.558092,2.27924012797e+59
931,60389.1891892,3.60002163406,6814.70051173,188.367610836,293958.164355,2.28335056914e+59
932,60454.0540541,3.60002162479,6822.48429663,188.562205412,294569.401758,2.28746842318e+59
933,60518.9189189,3.60002155243,6830.26808911,188.756799862,295181.270301,2.29159370343e+59
934,60583.7837838,3.60002141699,6838.05188915,188.951394185,295793.769984,2.29572642329e+59
935,60648.6486486,3.60002121854,6845.83569675,189.145988383,296406.900808,2.29986659618e+59
936,60713.5135135,3.60002095719,6853.6195119,189.340582455,297020.662772,2.30401423552e+59
937,60778.3783784,3.6000206331,6861.40333458,189.535176401,297635.055877,2.30816935478e+59
938,60843.2432432,3.60002038327,6869.18714835,189.729770496,298250.080072,2.31233196829e+59
939,60908.1081081,3.60002012913,6876.97096264,189.924364583,298865.735386,2.31650208907e+59
940,60972.972973,3.60001983127,6884.75478217,190.118958581,299482.021834,2.32067973041e+59
941,61037.8378378,3.60001949098,6892.5386068,190.313552495,300098.939414,2.32486490587e+59
942,61102.7027027,3.60001910958,6900.32243636,190.508146327,300716.488127,2.32905762903e+59
943,61167.5675676,3.60001868851,6908.10627068,190.70274008,301334.667972,2.33325791351e+59
944,61232.4324324,3.60001822929,6915.89010958,190.897333756,301953.478948,2.33746577294e+59
945,61297.2972973,3.60001773351,6923.67395286,191.091927359,302572.921055,2.34168122098e+59
946,61362.1621622,3.60001720287,6931.45780033,191.286520892,303192.994292,2.34590427131e+59
947,61427.027027,3.60001663913,6939.24165176,191.481114359,303813.698659,2.35013493765e+59
948,61491.8918919,3.60001604416,6947.02550695,191.675707764,304435.034154,2.35437323372e+59
949,61556.7567568,3.60001541992,6954.80936564,191.87030111,305057.000778,2.35861917328e+59
950,61621.6216216,3.60001476845,6962.59322761,192.064894402,305679.598529,2.36287277012e+59
951,61686.4864865,3.60001409189,6970.37709258,192.259487643,306302.827406,2.36713403804e+59
952,61751.3513514,3.60001339246,6978.1609603,192.454080839,306926.68741,2.37140299088e+59
953,61816.2162162,3.6000126725,6985.94483048,192.648673994,307551.178538,2.37567964248e+59
954,61881.0810811,3.60001193443,6993.72870284,192.843267112,308176.300791,2.37996400673e+59
955,61945.9459459,3.60001118076,7001.51257706,193.037860199,308802.054167,2.38425609754e+59
956,62010.8108108,3.60001041412,7009.29645284,193.232453261,309428.438665,2.38855592883e+59
957,62075.6756757,3.60000963721,7017.08032985,193.427046301,310055.454284,2.39286351456e+59
958,62140.5405405,3.60000885286,7024.86420776,193.621639327,310683.101024,2.39717886871e+59
959,62205.4054054,3.60000806398,7032.64808621,193.816232344,311311.378882,2.40150200528e+59
960,62270.2702703,3.60000727359,7040.43196484,194.010825358,311940.287859,2.40583293831e+59
961,62335.1351351,3.60000648482,7048.21584327,194.205418375,312569.827954,2.41017168185e+59
962,62400.0,3.6000057009,7055.99972113,194.400011402,313199.999163,2.41451824998e+59
963,62464.8648649,3.60000492515,7063.783598,194.594604445,313830.801488,2.4188726568e+59
964,62529.7297297,3.60000416103,7071.56747347,194.789197511,314462.234926,2.42323491644e+59
965,62594.5945946,3.60000341208,7079.35134713,194.983790608,315094.299476,2.42760504307e+59
966,62659.4594595,3.60000268195,7087.13521853,195.178383742,315726.995137,2.43198305086e+59
967,62724.3243243,3.60000197443,7094.91908721,195.372976922,316360.321907,2.43636895401e+59
968,62789.1891892,3.6000012934,7102.70295272,195.567570154,316994.279786,2.44076276676e+59
969,62854.0540541,3.60000064283,7110.48681456,195.762163448,317628.868771,2.44516450336e+59
970,62918.9189189,3.60000002686,7118.27067226,195.95675681,318264.088861,2.44957417809e+59
971,62983.7837838,3.59999944969,7126.0545253,196.151350251,318899.940055,2.45399180527e+59
972,63048.6486486,3.59999891566,7133.83837317,196.345943777,319536.422351,2.45841739922e+59
973,63113.5135135,3.59999842924,7141.62221532,196.540537399,320173.535748,2.4628509743e+59
974,63178.3783784,3.59999799499,7149.40605121,196.735131125,320811.280243,2.4672925449e+59
975,63243.2432432,3.59999761761,7157.18988028,196.929724965,321449.655835,2.47174212542e+59
976,63308.1081081,3.59999730192,7164.97370194,197.124318928,322088.662523,2.4761997303e+59
977,63372.972973,3.59999705284,7172.75751561,197.318913025,322728.300304,2.480665374e+59
978,63437.8378378,3.59999687545,7180.54132068,197.513507264,323368.569178,2.485139071e+59
979,63502.7027027,3.59999677492,7188.32511653,197.708101658,324009.469141,2.48962083581e+59
980,63567.5675676,3.59999675657,7196.10890252,197.902696216,324651.000192,2.49411068298e+59
981,63632.4324324,3.59999623471,7203.89274892,198.097289767,325293.162542,2.49860862873e+59
982,63697.2972973,3.59999536965,7211.6766365,198.291882631,325935.956133,2.5031146872e+59
983,63762.1621622,3.59999450696,7219.4605238,198.4864755,326579.380841,2.50762887206e+59
984,63827.027027,3.59999364787,7227.24441066,198.681068377,327223.436665,2.51215119797e+59
985,63891.8918919,3.5999927936,7235.02829695,198.875661263,327868.123605,2.5166816796e+59
986,63956.7567568,3.59999194542,7242.8121825,199.070254161,328513.441661,2.52122033166e+59
987,64021.6216216,3.59999110457,7250.59606717,199.264847074,329159.390831,2.52576716887e+59
988,64086.4864865,3.59999027235,7258.37995081,199.459440004,329805.971116,2.53032220601e+59
989,64151.3513514,3.59998945002,7266.16383327,199.654032954,330453.182515,2.53488545785e+59
990,64216.2162162,3.5999886389,7273.94771437,199.848625926,331101.025028,2.5394569392e+59
991,64281.0810811,3.59998784028,7281.73159398,200.043218924,331749.498653,2.5440366649e+59
992,64345.9459459,3.59998705548,7289.51547193,200.237811949,332398.603392,2.54862464983e+59
993,64410.8108108,3.59998628583,7297.29934806,200.432405004,333048.339242,2.55322090886e+59
994,64475.6756757,3.59998553266,7305.08322221,200.626998092,333698.706204,2.55782545691e+59
995,64540.5405405,3.59998479734,7312.86709422,200.821591216,334349.704278,2.56243830894e+59
996,64605.4054054,3.5999840812,7320.65096393,201.016184379,335001.333462,2.5670594799e+59
997,64670.2702703,3.59998338563,7328.43483117,201.210777582,335653.593756,2.57168898481e+59
998,64735.1351351,3.599982712,7336.21869577,201.405370829,336306.48516,2.57632683867e+59
999,64800.0,3.59998206169,7344.00255758,201.599964123,336960.007673,2.58097305655e+59
